0,0,0,,,0,111
0,5,0,,,765,798
0,3,1,,,1584,1671
0,5,1,,,1959,2238
0,4,1,,,2436,2727
0,0,1,,,3129,3345
0,5,1,,,3849,4137
0,2,1,,,4557,4731
0,5,1,,,5244,5586
0,4,1,,,5811,6060
0,0,1,,,6474,6705
0,5,1,,,7113,7203
1,5,1,,,0,288
1,0,1,,,561,894
1,5,1,,,1092,1533
1,1,1,,,1791,2373
1,0,1,,,2550,2922
1,5,1,,,3192,3552
1,2,1,,,3714,3837
1,5,1,,,4152,4356
1,4,1,,,4437,5013
1,2,1,,,5139,5238
2,3,1,,,0,75
2,5,1,,,669,783
2,2,1,,,930,1107
2,0,1,,,1308,1443
2,5,1,,,1872,2763
2,2,1,,,3132,3243
2,0,1,,,3519,3621
2,5,1,,,3807,4107
2,4,1,,,4221,4485
2,3,1,,,4626,4722
2,2,1,,,4941,5232
2,1,1,,,5361,5859
2,5,1,,,6243,6372
2,3,1,,,6474,6576
2,2,1,,,6663,6756
2,1,1,,,6834,7071
2,5,1,,,7233,7347
2,4,1,,,7455,7695
2,3,1,,,7818,7905
2,2,1,,,7983,8079
3,3,1,,,0,60
3,1,1,,,483,588
3,5,1,,,726,963
3,4,1,,,1029,1167
3,3,1,,,1263,1350
3,2,1,,,1467,1572
3,1,1,,,1641,1758
3,0,1,,,1821,2073
3,3,1,,,2202,2313
3,2,1,,,2424,2520
3,5,1,,,2712,2859
3,4,1,,,2958,3057
3,3,1,,,3168,3249
3,2,1,,,3324,3972
3,5,1,,,4110,4212
3,4,1,,,4275,4368
3,3,1,,,4605,4710
3,2,1,,,4770,4860
3,1,1,,,4962,5070
3,0,1,,,5193,5286
4,3,1,,,0,69
4,5,1,,,255,549
4,4,1,,,618,741
4,3,1,,,807,900
4,2,1,,,975,1065
4,1,1,,,1131,1740
4,5,1,,,1881,2034
4,4,1,,,2091,2196
4,3,1,,,2265,2391
4,2,1,,,2448,2574
4,0,1,,,2691,2988
4,4,1,,,3171,3267
4,3,1,,,3384,3480
4,2,1,,,3537,3624
4,1,1,,,3684,4056
4,4,1,,,4164,4254
4,5,1,,,4317,4566
4,4,1,,,4629,4713
4,3,1,,,4833,4932
4,2,1,,,4992,5061
5,3,1,,,0,75
5,2,1,,,180,429
5,5,1,,,558,732
5,4,1,,,876,1017
5,5,1,,,1158,1308
5,4,1,,,1497,1641
5,3,1,,,1719,1863
5,2,1,,,1947,2235
5,1,1,,,2346,2502
5,3,1,,,2619,2727
5,5,1,,,2802,3180
5,4,1,,,3267,3348
5,2,1,,,3444,3807
5,3,1,,,3966,4047
5,5,1,,,4125,4257
5,4,1,,,4356,4434
5,2,1,,,4512,4584
5,1,1,,,4656,4821
5,3,1,,,5022,5109
5,2,1,,,5250,5328
5,1,1,,,5499,5589
5,0,1,,,5790,5877
5,2,1,,,5988,6045
5,4,1,,,6120,6219
5,5,1,,,6273,6477
5,4,1,,,6591,6672
5,3,1,,,6732,6807
5,1,1,,,6900,6993
5,0,1,,,7068,7305
5,1,1,,,7437,7506
6,2,1,,,0,90
6,5,1,,,270,540
6,4,1,,,600,780
6,3,1,,,843,957
6,2,1,,,1011,1212
6,1,1,,,1329,1455
6,2,1,,,1575,1683
6,1,1,,,1782,1917
6,0,1,,,2034,2217
6,1,1,,,2286,2409
6,3,1,,,2496,2601
6,2,1,,,2721,2805
6,1,1,,,2874,3003
6,0,1,,,3096,3270
6,1,1,,,3513,3609
6,2,1,,,3681,3810
6,3,1,,,3879,3999
6,5,1,,,4065,4254
6,4,1,,,4344,4488
6,3,1,,,4539,4644
6,2,1,,,4692,4794
6,1,1,,,4845,4977
6,2,1,,,5070,5190
6,1,1,,,5265,5370
6,2,1,,,5475,6084
6,1,1,,,6231,6336
6,0,1,,,6498,6732
6,1,1,,,6801,7029
6,2,1,,,7110,7245
6,3,1,,,7323,7467
7,1,1,,,0,99
7,4,1,,,210,288
7,2,1,,,447,498
7,0,1,,,567,651
7,3,1,,,771,837
7,5,1,,,909,1089
7,4,1,,,1137,1206
7,2,1,,,1281,1386
7,1,1,,,1431,1527
7,0,1,,,1632,1779
7,2,1,,,1872,2040
7,3,1,,,2091,2235
7,2,1,,,2349,2448
7,1,1,,,2499,2625
7,0,1,,,2679,2787
7,1,1,,,2868,3015
7,3,1,,,3090,3189
7,5,1,,,3255,3387
7,4,1,,,3429,3525
7,3,1,,,3579,3654
7,2,1,,,3702,3840
7,1,1,,,3888,4002
7,0,1,,,4050,4200
7,1,1,,,4251,4362
7,3,1,,,4449,4596
7,5,1,,,4665,4797
7,4,1,,,4860,4935
7,3,1,,,5013,5271
7,2,1,,,5319,5403
7,1,1,,,5487,5559
8,3,1,,,0,66
8,2,1,,,135,360
8,1,1,,,417,528
8,2,1,,,603,750
8,3,1,,,810,945
8,5,1,,,1011,1317
8,4,1,,,1365,1470
8,3,1,,,1521,1632
8,2,1,,,1680,1773
8,1,1,,,1821,1935
8,0,1,,,1992,2094
8,1,1,,,2154,2244
8,2,1,,,2307,2400
8,3,1,,,2475,2580
8,4,1,,,2631,2739
8,5,1,,,2793,2922
8,4,1,,,2982,3066
8,3,1,,,3198,3297
8,2,1,,,3366,3474
8,3,1,,,3549,3666
8,5,1,,,3726,3849
8,4,1,,,3897,4044
8,3,1,,,4095,4161
8,2,1,,,4215,4293
8,1,1,,,4398,4533
8,0,1,,,4602,4770
8,1,1,,,4851,4929
8,2,1,,,4980,5052
8,3,1,,,5109,5193
8,4,1,,,5286,5388
9,3,1,,,0,51
9,1,1,,,183,246
9,0,1,,,300,405
9,2,1,,,537,588
9,5,1,,,672,873
9,4,1,,,948,1035
9,5,1,,,1092,1203
9,4,1,,,1287,1347
9,3,1,,,1404,1464
9,2,1,,,1530,1584
9,1,1,,,1635,1695
9,3,1,,,1776,1836
9,5,1,,,1896,1980
9,4,1,,,2154,2214
9,2,1,,,2310,2352
9,1,1,,,2403,2463
9,0,1,,,2535,2646
9,3,1,,,2739,2787
9,5,1,,,2841,2964
9,4,1,,,3012,3075
9,3,1,,,3129,3177
9,2,1,,,3231,3438
9,3,1,,,3510,3570
9,5,1,,,3627,3729
9,4,1,,,3804,3861
9,3,1,,,3909,3951
9,2,1,,,3999,4047
9,4,1,,,4131,4191
9,5,1,,,4239,4500
9,4,1,,,4557,4614
9,3,1,,,4668,5112
9,2,1,,,5256,5304
9,3,1,,,5349,5436
9,4,1,,,5484,5544
9,5,1,,,5592,5781
9,4,1,,,5841,6201
9,2,1,,,6288,6330
9,1,1,,,6456,6522
9,2,1,,,6615,6696
9,3,1,,,6741,7983
10,2,1,,,0,63
10,1,1,,,114,204
10,2,1,,,276,378
10,3,1,,,429,510
10,5,1,,,567,714
10,4,1,,,771,921
10,3,1,,,1020,1107
10,2,1,,,1158,1239
10,1,1,,,1287,1353
10,2,1,,,1428,1515
10,3,1,,,1557,1632
10,4,1,,,1680,1755
10,5,1,,,1803,1902
10,4,1,,,1962,2031
10,3,1,,,2079,2133
10,2,1,,,2190,2265
10,1,1,,,2316,2430
10,2,1,,,2484,2565
10,3,1,,,2619,2706
10,2,1,,,2790,2901
10,1,1,,,2952,3054
10,2,1,,,3117,3240
10,3,1,,,3285,3447
10,2,1,,,3501,3579
10,1,1,,,3624,3711
10,2,1,,,3783,3855
10,3,1,,,3903,3999
10,4,1,,,4056,4131
10,3,1,,,4218,4308
10,2,1,,,4356,4434
10,1,1,,,4533,4629
10,2,1,,,4695,4827
10,3,1,,,4875,4983
10,4,1,,,5031,5139
10,5,1,,,5187,5310
10,4,1,,,5433,5496
10,3,1,,,5544,5652
10,2,1,,,5697,5748
10,1,1,,,5799,5949
10,0,1,,,6033,6567
11,3,1,,,0,63
11,2,1,,,126,201
11,1,1,,,291,402
11,2,1,,,453,516
11,3,1,,,564,744
11,2,1,,,804,942
11,3,1,,,993,1155
11,2,1,,,1203,1341
11,1,1,,,1389,1545
11,2,1,,,1605,1761
11,3,1,,,1812,1935
11,2,1,,,1992,2130
11,1,1,,,2184,2280
11,2,1,,,2385,2556
11,3,1,,,2607,2763
11,4,1,,,2823,2979
11,3,1,,,3027,3198
11,2,1,,,3243,3357
11,3,1,,,3417,3546
11,4,1,,,3597,3711
11,5,1,,,3762,3993
11,4,1,,,4041,4119
11,3,1,,,4164,4311
11,2,1,,,4356,4431
11,1,1,,,4482,4602
11,0,1,,,4695,4848
11,1,1,,,4941,5091
11,2,1,,,5151,5274
11,3,1,,,5319,5463
11,4,1,,,5505,5631
11,5,1,,,5703,5829
11,4,1,,,5880,5973
11,3,1,,,6018,6105
11,2,1,,,6150,6228
11,1,1,,,6279,6396
11,0,1,,,6447,6600
11,1,1,,,6651,6756
11,2,1,,,6819,6915
11,3,1,,,6963,7065
11,4,1,,,7113,7239
12,3,1,,,0,63
12,2,1,,,138,228
12,3,1,,,336,525
12,4,1,,,582,711
12,5,1,,,768,981
12,4,1,,,1029,1107
12,3,1,,,1257,1365
12,4,1,,,1428,1509
12,5,1,,,1554,1677
12,4,1,,,1731,1800
12,3,1,,,1860,1938
12,4,1,,,1995,2070
12,5,1,,,2154,2271
12,4,1,,,2322,2388
12,5,1,,,2448,2544
12,4,1,,,2595,2799
12,3,1,,,2892,2994
12,4,1,,,3066,3138
12,5,1,,,3186,3345
12,4,1,,,3393,3459
12,3,1,,,3528,3618
12,4,1,,,3666,3732
12,5,1,,,3780,3879
12,4,1,,,3945,4014
12,3,1,,,4074,4167
12,4,1,,,4218,4308
12,5,1,,,4359,4488
12,4,1,,,4539,4608
12,3,1,,,4659,4749
12,2,1,,,4875,4962
12,3,1,,,5013,5151
12,2,1,,,5241,5355
12,3,1,,,5409,5538
12,4,1,,,5586,5694
12,5,1,,,5742,5940
12,4,1,,,5985,6051
12,3,1,,,6096,6186
12,4,1,,,6246,6315
12,5,1,,,6372,6483
12,4,1,,,6531,6630
13,3,1,,,0,63
13,4,1,,,150,264
13,5,1,,,309,441
13,4,1,,,486,558
13,3,1,,,609,696
13,4,1,,,744,825
13,5,1,,,870,981
13,4,1,,,1032,1101
13,3,1,,,1149,1263
13,4,1,,,1332,1407
13,5,1,,,1452,1557
13,4,1,,,1599,1665
13,3,1,,,1716,1785
13,4,1,,,1842,1914
13,5,1,,,1959,2067
13,4,1,,,2109,2175
13,3,1,,,2229,2322
13,4,1,,,2388,2463
13,5,1,,,2508,2622
13,4,1,,,2667,2736
13,3,1,,,2784,2889
13,4,1,,,2952,3024
13,5,1,,,3066,3159
13,4,1,,,3201,3273
13,5,1,,,3315,3420
13,4,1,,,3492,3570
13,3,1,,,3618,3702
13,2,1,,,3753,3885
13,1,1,,,3960,4062
13,0,1,,,4125,4236
13,1,1,,,4281,4407
13,2,1,,,4479,4545
13,3,1,,,4590,4686
13,4,1,,,4731,4803
13,5,1,,,4878,4989
13,4,1,,,5028,5091
13,3,1,,,5142,5235
13,4,1,,,5280,5364
13,5,1,,,5409,5493
13,4,1,,,5535,5601
14,3,0,2,1,0,69
14,5,0,2,1,237,321
14,4,0,2,1,393,489
14,2,1,2,1,600,1041
14,1,1,2,1,1134,1545
14,0,0,2,1,1599,1680
14,2,1,2,1,1887,2121
14,4,0,2,1,2418,2475
14,3,0,2,1,2532,2583
14,1,0,2,1,2733,2781
14,0,0,2,1,2826,3312
14,2,1,2,1,3405,3666
14,3,1,2,1,3729,3861
14,4,0,2,1,3939,3996
14,5,0,2,1,4041,4173
14,4,0,2,1,4236,4257
14,5,0,2,1,4302,4623
14,2,1,2,1,4737,4932
14,1,1,2,1,4980,5151
14,2,1,2,1,5244,5373
14,3,1,2,1,5430,5586
15,3,0,2,1,0,147
15,1,0,2,1,384,483
15,2,1,2,1,804,975
15,3,1,2,1,1029,1269
15,4,0,2,1,1317,1371
15,2,1,2,1,1512,1695
15,3,0,2,1,1755,1839
15,4,0,2,1,1887,1929
15,5,0,2,1,1977,2031
15,4,0,2,1,2103,2133
15,3,0,2,1,2208,2286
15,2,1,2,1,2328,2595
15,1,1,2,1,2649,2856
15,2,1,2,1,2901,3204
15,3,1,2,1,3249,3456
15,2,1,2,1,3513,3696
15,1,1,2,1,3756,3957
16,3,0,2,1,0,99
16,2,1,2,1,153,276
16,1,1,2,1,330,561
16,2,1,2,1,609,1230
16,3,1,2,1,1308,1755
16,2,1,2,1,1812,2040
16,1,1,2,1,2100,2337
16,2,1,2,1,2382,2610
16,1,0,2,1,2664,2892
16,2,1,2,1,2940,3132
16,1,0,2,1,3192,3300
17,3,0,2,1,0,75
17,4,0,2,1,246,276
17,1,0,2,1,432,597
17,0,0,2,1,738,759
17,3,0,2,1,1143,1263
17,4,0,2,1,1329,1353
17,2,1,2,1,1509,1821
17,1,1,2,1,1905,2103
17,2,1,2,1,2193,2334
17,1,0,2,1,2391,2472
17,0,0,2,1,2538,2565
17,2,1,2,1,2715,2907
17,3,1,2,1,2958,3105
17,4,0,2,1,3147,3177
17,2,1,2,1,3252,3480
17,1,1,2,1,3528,3753
17,2,1,2,1,3804,4023
17,1,0,2,1,4083,4197
17,0,0,2,1,4245,4266
17,1,0,2,1,4329,4404
17,2,1,2,1,4446,4527
17,3,1,2,1,4572,4713
17,2,1,2,1,4764,5073
17,1,1,2,1,5166,5364
17,0,0,2,1,5418,5442
17,1,0,2,1,5493,5559
17,2,1,2,1,5601,5817
17,3,1,2,1,5859,6012
17,4,0,2,1,6141,6189
17,3,0,2,1,6246,6372
17,2,1,2,1,6414,6609
17,1,1,2,1,6651,6780
17,2,1,2,1,6825,7020
17,3,1,2,1,7059,7194
17,4,0,2,1,7236,7254
17,3,0,2,1,7338,7419
17,2,1,2,1,7461,7554
17,1,1,2,1,7608,7737
17,0,0,2,1,7776,7815
17,1,0,2,1,7890,8001
17,2,1,2,1,8040,8244
17,3,1,2,1,8283,8436
17,4,0,2,1,8478,8496
17,3,0,2,1,8541,8658
17,2,1,2,1,8694,8850
17,1,1,2,1,8892,9039
17,0,0,2,1,9078,9096
17,1,0,2,1,9153,9216
17,2,1,2,1,9255,9354
17,3,1,2,1,9399,9516
17,2,1,2,1,9579,9732
17,1,1,2,1,9771,9873
17,2,1,2,1,9921,10080
17,3,1,2,1,10122,10278
17,2,1,2,1,10326,10449
17,1,1,2,1,10491,10575
17,0,0,2,1,10620,10659
17,1,0,2,1,10701,10776
17,2,1,2,1,10815,10917
17,3,1,2,1,10959,11232
17,4,0,2,1,11283,11301
17,3,0,2,1,11352,11448
17,2,1,2,1,11490,11703
17,1,1,2,1,11748,11865
17,0,0,2,1,12051,12069
17,1,0,2,1,12165,12273
17,2,1,2,1,12318,12429
17,3,1,2,1,12480,12585
18,3,0,2,1,0,90
18,2,1,2,1,153,300
18,1,1,2,1,396,534
18,2,1,2,1,591,816
18,3,1,2,1,867,945
18,2,1,2,1,993,1146
18,3,0,2,1,1197,1293
18,4,0,2,1,1350,1368
18,3,0,2,1,1422,1506
18,2,1,2,1,1548,1812
18,1,1,2,1,1857,1977
18,2,1,2,1,2028,2250
18,1,0,2,1,2325,2388
18,2,1,2,1,2496,2703
18,3,1,2,1,2751,2871
18,2,1,2,1,2916,3021
18,1,1,2,1,3063,3246
18,0,0,2,1,3297,3327
18,1,0,2,1,3375,3438
18,2,1,2,1,3480,3681
18,3,1,2,1,3726,3846
18,2,1,2,1,3897,4080
18,1,1,2,1,4134,4302
18,2,1,2,1,4353,4530
18,3,1,2,1,4581,4713
18,4,0,2,1,4761,4782
18,2,1,2,1,4881,4950
18,1,1,2,1,4992,5130
18,2,1,2,1,5175,5298
18,3,1,2,1,5340,5466
18,2,1,2,1,5511,5676
18,1,1,2,1,5721,5835
18,2,1,2,1,5877,6021
18,3,1,2,1,6063,6171
18,2,1,2,1,6228,6381
18,3,0,2,1,6432,6531
18,2,1,2,1,6573,6705
18,1,1,2,1,6744,6915
18,0,0,2,1,6954,6969
18,1,0,2,1,7011,7062
18,2,1,2,1,7122,7266
18,3,1,2,1,7305,7425
18,2,1,2,1,7470,7629
18,1,1,2,1,7671,7788
18,2,1,2,1,7830,7962
18,3,1,2,1,8001,8121
18,2,1,2,1,8166,8259
18,1,1,2,1,8307,8448
19,3,0,2,1,0,87
19,2,1,2,1,135,345
19,1,1,2,1,393,504
19,2,1,2,1,555,630
19,3,1,2,1,672,765
19,2,1,2,1,816,957
19,1,1,2,1,1008,1149
19,0,0,2,1,1188,1212
19,1,0,2,1,1254,1317
19,2,1,2,1,1356,1551
19,3,1,2,1,1593,1713
19,2,1,2,1,1761,1887
19,1,1,2,1,1932,2043
19,2,1,2,1,2091,2268
19,3,1,2,1,2310,2424
19,2,1,2,1,2469,2580
19,1,1,2,1,2619,2739
19,2,1,2,1,2784,2946
19,3,1,2,1,2988,3096
19,2,1,2,1,3138,3297
19,1,1,2,1,3336,3468
19,2,1,2,1,3510,3639
19,3,1,2,1,3681,3777
19,2,1,2,1,3825,3951
19,1,1,2,1,3993,4101
19,2,1,2,1,4146,4299
19,3,1,2,1,4344,4461
19,2,1,2,1,4503,4647
19,1,1,2,1,4689,4803
19,2,1,2,1,4842,4914
19,3,1,2,1,4956,5046
19,2,1,2,1,5091,5259
19,1,1,2,1,5337,5442
19,2,1,2,1,5484,5607
19,3,1,2,1,5646,5775
19,2,1,2,1,5820,5940
19,3,0,2,1,5988,6048
19,2,1,2,1,6090,6306
19,1,1,2,1,6363,6507
19,2,1,2,1,6546,6654
19,3,1,2,1,6696,6795
19,2,1,2,1,6837,7071
19,1,1,2,1,7116,7263
20,3,0,2,1,0,90
20,1,0,2,1,240,318
20,2,1,2,1,567,642
20,3,1,2,1,696,900
20,2,1,2,1,975,1101
20,1,1,2,1,1146,1305
20,2,1,2,1,1359,1572
20,1,0,2,1,1641,1764
20,2,1,2,1,1812,1986
20,3,1,2,1,2037,2157
20,2,1,2,1,2214,2370
20,1,1,2,1,2430,2562
20,2,1,2,1,2610,2748
20,3,1,2,1,2796,2910
20,2,1,2,1,2955,3123
20,1,1,2,1,3165,3300
20,2,1,2,1,3345,3498
20,3,1,2,1,3546,3654
20,2,1,2,1,3696,3846
20,3,0,2,1,3894,3984
20,2,1,2,1,4032,4152
20,1,1,2,1,4191,4353
20,2,1,2,1,4401,4539
20,1,0,2,1,4584,4689
20,2,1,2,1,4734,4908
20,1,0,2,1,4953,5022
20,2,1,2,1,5067,5220
20,3,1,2,1,5274,5376
20,2,1,2,1,5421,5598
20,1,1,2,1,5637,5781
20,2,1,2,1,5832,5985
20,3,1,2,1,6027,6120
20,2,1,2,1,6162,6333
20,1,1,2,1,6375,6501
20,2,1,2,1,6546,6699
20,3,1,2,1,6741,6861
20,2,1,2,1,6933,7071
20,1,1,2,1,7110,7248
20,2,1,2,1,7293,7467
20,3,1,2,1,7512,7653
20,2,1,2,1,7692,7872
20,1,1,2,1,7911,8052
20,2,1,2,1,8106,8256
20,1,0,2,1,8307,8388
20,2,1,2,1,8430,8616
20,1,0,2,1,8682,8730
20,2,1,2,1,8772,8958
20,3,1,2,1,9003,9177
20,2,1,2,1,9219,9432
20,3,0,2,1,9483,9606
20,2,1,2,1,9648,9840
20,1,1,2,1,9879,10068
20,0,0,2,1,10113,10131
20,1,0,2,1,10179,10251
20,2,1,2,1,10293,10458
20,3,1,2,1,10500,10641
20,2,1,2,1,10686,10860
20,3,0,2,1,10902,10995
20,2,1,2,1,11034,11136
20,3,0,2,1,11178,11226
20,2,1,2,1,11265,11304
20,1,1,2,1,11346,11535
20,2,1,2,1,11574,11787
20,3,1,2,1,11829,11967
20,2,1,2,1,12006,12195
20,3,0,2,1,12237,12336
20,2,1,2,1,12375,12579
20,3,0,2,1,12621,12708
20,2,1,2,1,12795,12972
20,1,1,2,1,13023,13182
20,2,1,2,1,13233,13377
20,3,1,2,1,13422,13554
20,2,1,2,1,13596,13764
20,1,1,2,1,13806,14085
20,2,1,2,1,14127,14334
20,3,1,2,1,14373,14514
20,2,1,2,1,14556,14715
20,1,1,2,1,14754,14997
20,2,1,2,1,15039,15180
20,3,1,2,1,15222,15390
20,2,1,2,1,15429,15609
20,3,0,2,1,15702,15768
20,2,1,2,1,15807,16014
20,1,1,2,1,16050,16212
21,3,0,2,1,0,90
21,2,1,2,1,138,354
21,1,1,2,1,402,537
21,2,1,2,1,621,753
21,3,1,2,1,795,870
21,2,1,2,1,918,1059
21,3,0,2,1,1104,1149
21,2,1,2,1,1191,1407
21,1,1,2,1,1473,1779
21,2,1,2,1,1830,2058
21,3,1,2,1,2103,2241
21,2,1,2,1,2286,2493
21,1,1,2,1,2535,2697
21,2,1,2,1,2742,2865
21,3,1,2,1,2907,3093
21,2,1,2,1,3138,3324
21,3,0,2,1,3366,3510
21,2,1,2,1,3552,3729
21,3,0,2,1,3771,3843
21,2,1,2,1,3888,4116
21,1,1,2,1,4158,4401
21,2,1,2,1,4467,4677
21,3,1,2,1,4719,4881
21,2,1,2,1,4929,5118
21,3,0,2,1,5163,5220
21,2,1,2,1,5268,5424
21,3,0,2,1,5466,5619
21,2,1,2,1,5679,5940
21,1,1,2,1,5991,6168
21,2,1,2,1,6213,6375
21,3,1,2,1,6420,6537
21,2,1,2,1,6579,6816
21,1,1,2,1,6864,7014
21,2,1,2,1,7056,7239
21,3,1,2,1,7281,7509
21,2,1,2,1,7554,7758
21,3,0,2,1,7800,7884
21,2,1,2,1,7926,8073
21,3,0,2,1,8115,8184
21,2,1,2,1,8226,8430
21,3,0,2,1,8472,8550
21,2,1,2,1,8601,8775
21,3,0,2,1,8820,8871
21,2,1,2,1,8928,9090
21,1,1,2,1,9141,9276
21,2,1,2,1,9396,9567
21,3,1,2,1,9627,9792
21,5,0,2,1,9906,10146
21,4,0,2,1,10215,10356
21,2,1,2,1,10584,10740
21,1,1,2,1,10788,10998
21,2,1,2,1,11043,11208
21,3,1,2,1,11253,11373
21,2,1,2,1,11424,11577
21,3,0,2,1,11619,11670
21,2,1,2,1,11715,11874
21,3,0,2,1,11919,11970
21,2,1,2,1,12015,12201
21,3,0,2,1,12249,12330
21,2,1,2,1,12375,12537
21,1,1,2,1,12585,12756
21,2,1,2,1,12798,12924
21,3,1,2,1,12969,13089
21,2,1,2,1,13140,13308
21,1,1,2,1,13359,13512
21,2,1,2,1,13554,13728
21,3,1,2,1,13773,13905
21,2,1,2,1,13950,14106
21,3,0,2,1,14157,14211
21,2,1,2,1,14256,14394
21,1,1,2,1,14442,14577
21,2,1,2,1,14637,14802
21,3,1,2,1,14847,14991
21,2,1,2,1,15033,15198
21,3,0,2,1,15243,15318
21,2,1,2,1,15363,15504
21,1,1,2,1,15549,15699
21,2,1,2,1,15744,15933
21,3,1,2,1,15978,16128
21,2,1,2,1,16173,16320
21,1,1,2,1,16380,16575
21,2,1,2,1,16617,16776
21,3,1,2,1,16824,16956
22,3,0,2,1,0,66
22,2,1,2,1,123,294
22,1,1,2,1,420,651
22,2,1,2,1,708,846
22,1,0,2,1,906,960
22,2,1,2,1,1005,1203
22,1,0,2,1,1260,1308
22,2,1,2,1,1356,1560
22,3,1,2,1,1614,1797
22,2,1,2,1,1845,2034
22,1,1,2,1,2079,2235
22,2,1,2,1,2280,2562
22,1,0,2,1,2625,2709
22,2,1,2,1,2760,2916
22,3,1,2,1,2961,3123
22,2,1,2,1,3171,3333
22,1,1,2,1,3375,3531
22,2,1,2,1,3579,3762
22,1,0,2,1,3810,3909
22,2,1,2,1,3951,4164
22,3,1,2,1,4209,4377
22,2,1,2,1,4422,4476
22,1,1,2,1,4524,4698
22,2,1,2,1,4740,4905
22,3,1,2,1,4950,5103
22,2,1,2,1,5145,5292
22,1,1,2,1,5337,5523
22,2,1,2,1,5562,5730
22,1,0,2,1,5778,5847
22,2,1,2,1,5889,6087
22,3,1,2,1,6129,6285
22,2,1,2,1,6336,6465
22,3,0,2,1,6507,6564
22,2,1,2,1,6606,6780
22,1,1,2,1,6819,7005
22,2,1,2,1,7053,7170
22,1,0,2,1,7218,7275
22,2,1,2,1,7320,7491
22,1,0,2,1,7542,7644
22,2,1,2,1,7686,7860
22,3,1,2,1,7905,8037
22,2,1,2,1,8082,8211
22,1,1,2,1,8253,8400
22,2,1,2,1,8442,8610
22,1,0,2,1,8655,8760
22,2,1,2,1,8958,9069
22,1,0,2,1,9123,9174
22,2,1,2,1,9222,9849
22,1,0,2,1,9894,10080
22,2,1,2,1,10155,10311
22,3,1,2,1,10359,10521
22,2,1,2,1,10566,10737
22,1,1,2,1,10782,10974
22,2,1,2,1,11037,11271
22,3,1,2,1,11319,11490
22,2,1,2,1,11535,11754
22,1,1,2,1,11796,12147
22,2,1,2,1,12189,12345
22,3,1,2,1,12387,12555
22,2,1,2,1,12600,12783
22,1,1,2,1,12825,12951
22,2,1,2,1,12993,13206
22,1,0,2,1,13254,13326
22,2,1,2,1,13371,13578
22,3,1,2,1,13635,13761
22,2,1,2,1,13806,14049
22,1,1,2,1,14088,14238
22,2,1,2,1,14283,14421
22,1,0,2,1,14463,14538
22,2,1,2,1,14580,14760
22,3,1,2,1,14808,14964
22,2,1,2,1,15009,15180
22,3,0,2,1,15228,15279
22,2,1,2,1,15324,15537
22,1,1,2,1,15585,15717
22,2,1,2,1,15759,15924
22,3,1,2,1,15972,16119
22,2,1,2,1,16209,16386
22,1,1,2,1,16431,16623
22,2,1,2,1,16671,16830
22,3,1,2,1,16872,17097
23,3,0,2,1,0,135
23,2,1,2,1,447,957
23,1,1,2,1,1077,1233
23,2,1,2,1,1329,1422
23,1,0,2,1,1485,1584
23,2,1,2,1,1626,1773
23,1,0,2,1,1821,1941
23,2,1,2,1,1986,2217
23,1,0,2,1,2268,2334
23,2,1,2,1,2376,2625
23,1,0,2,1,2670,2712
23,2,1,2,1,2757,3003
23,3,1,2,1,3048,3288
23,2,1,2,1,3336,3519
23,1,1,2,1,3564,3699
23,2,1,2,1,3738,3933
23,3,1,2,1,3978,4023
23,2,1,2,1,4083,4269
23,3,0,2,1,4311,4392
23,4,0,2,1,4443,4518
23,3,0,2,1,4578,4686
23,2,1,2,1,4743,4914
23,1,1,2,1,4953,5118
23,0,0,2,1,5184,5220
23,1,0,2,1,5277,5391
23,2,1,2,1,5427,5637
23,3,1,2,1,5679,5799
23,2,1,2,1,5844,6006
23,3,0,2,1,6051,6180
23,2,1,2,1,6219,6429
23,1,1,2,1,6468,6606
23,2,1,2,1,6645,6789
23,3,1,2,1,6828,6957
23,2,1,2,1,7002,7200
23,3,0,2,1,7239,7365
23,2,1,2,1,7404,7590
23,3,0,2,1,7632,7680
23,2,1,2,1,7722,7887
23,1,1,2,1,7923,8097
23,2,1,2,1,8139,8313
23,3,1,2,1,8352,8517
23,2,1,2,1,8559,8769
23,1,1,2,1,8814,9009
23,2,1,2,1,9048,9189
23,3,1,2,1,9231,9372
23,2,1,2,1,9414,9567
23,1,1,2,1,9606,9768
23,2,1,2,1,9807,9948
23,3,1,2,1,9999,10128
23,2,1,2,1,10176,10380
23,1,1,2,1,10419,10566
23,2,1,2,1,10605,10752
23,3,1,2,1,10791,10947
23,2,1,2,1,10986,11217
23,1,1,2,1,11256,11382
23,2,1,2,1,11424,11586
23,3,1,2,1,11628,11754
23,2,1,2,1,11793,11988
23,1,1,2,1,12030,12183
23,2,1,2,1,12225,12393
23,3,1,2,1,12432,12600
23,2,1,2,1,12645,12867
23,1,1,2,1,12906,13059
23,2,1,2,1,13098,13254
23,3,1,2,1,13299,13431
23,2,1,2,1,13473,13641
23,3,0,2,1,13686,13773
23,2,1,2,1,13821,14010
23,1,1,2,1,14046,14217
23,0,0,2,1,14259,14274
23,1,0,2,1,14319,14361
23,2,1,2,1,14400,14571
23,3,1,2,1,14613,14733
23,2,1,2,1,14787,14949
23,1,1,2,1,15072,15231
23,2,1,2,1,15486,15675
23,1,0,2,1,15762,16044
23,3,0,2,1,16950,17028
23,1,0,2,1,17403,17523
23,2,1,2,1,17562,17736
23,3,1,2,1,17778,17892
23,2,1,2,1,18021,18138
23,3,0,2,1,18186,18246
23,2,1,2,1,18294,18429
23,1,1,2,1,18471,18582
23,2,1,2,1,18669,18828
23,3,1,2,1,18867,18978
23,2,1,2,1,19044,19215
23,3,0,2,1,19281,19383
24,2,1,2,1,0,78
24,3,1,2,1,150,324
24,2,1,2,1,480,696
24,1,1,2,1,747,918
24,2,1,2,1,963,1119
24,3,1,2,1,1158,1314
24,2,1,2,1,1386,1566
24,1,1,2,1,1608,1779
24,2,1,2,1,1818,2019
24,3,1,2,1,2061,2196
24,2,1,2,1,2238,2526
24,1,1,2,1,2568,2721
24,2,1,2,1,2760,2925
24,1,0,2,1,2982,3075
24,2,1,2,1,3114,3312
24,3,1,2,1,3351,3561
24,2,1,2,1,3603,3747
24,3,0,2,1,3783,3870
24,2,1,2,1,3921,4110
24,3,0,2,1,4158,4245
24,2,1,2,1,4287,4500
24,1,1,2,1,4539,4692
24,2,1,2,1,4734,4890
24,1,0,2,1,4932,5040
24,2,1,2,1,5079,5223
24,3,1,2,1,5262,5352
24,2,1,2,1,5394,5571
24,1,1,2,1,5616,5802
24,2,1,2,1,5841,6021
24,3,1,2,1,6057,6258
24,2,1,2,1,6297,6588
24,1,1,2,1,6627,6780
24,2,1,2,1,6822,6990
24,1,0,2,1,7032,7098
24,2,1,2,1,7137,7332
24,3,1,2,1,7371,7533
24,2,1,2,1,7572,7743
24,1,1,2,1,7788,7959
24,2,1,2,1,7998,8205
24,3,1,2,1,8244,8376
24,2,1,2,1,8421,8613
24,1,1,2,1,8652,8814
24,2,1,2,1,8856,8979
24,1,0,2,1,9024,9135
24,2,1,2,1,9174,9372
24,3,1,2,1,9414,9549
24,2,1,2,1,9594,9759
24,1,1,2,1,9795,9987
24,2,1,2,1,10026,10224
24,3,1,2,1,10266,10428
24,2,1,2,1,10467,10650
24,1,1,2,1,10689,10854
24,2,1,2,1,10890,11079
24,3,1,2,1,11118,11250
24,2,1,2,1,11289,11448
24,1,1,2,1,11487,11628
24,2,1,2,1,11670,11826
24,3,1,2,1,11868,12039
24,2,1,2,1,12084,12264
24,1,1,2,1,12312,12483
24,2,1,2,1,12522,12654
24,3,1,2,1,12690,12831
24,2,1,2,1,12903,13041
24,1,1,2,1,13089,13224
24,2,1,2,1,13266,13425
24,3,1,2,1,13464,13593
24,2,1,2,1,13644,13806
24,3,0,2,1,13848,13965
24,2,1,2,1,14004,14172
24,1,1,2,1,14211,14358
24,2,1,2,1,14400,14547
24,3,1,2,1,14592,14730
24,2,1,2,1,14775,14928
24,3,0,2,1,14967,15063
24,2,1,2,1,15102,15282
24,1,1,2,1,15318,15429
24,2,1,2,1,15471,15609
24,3,1,2,1,15648,15777
24,5,0,2,1,16305,16380
24,2,1,2,1,16521,16614
24,1,1,2,1,16650,16719
25,3,0,2,1,0,81
25,2,1,2,1,207,570
25,1,1,2,1,633,813
25,2,1,2,1,882,1080
25,3,1,2,1,1155,1317
25,2,1,2,1,1395,1737
25,3,0,2,1,1878,2004
25,5,0,2,1,2211,2253
25,2,1,2,1,2397,2673
25,1,1,2,1,2721,2859
25,2,1,2,1,2910,3243
25,3,1,2,1,3300,3540
25,2,1,2,1,3585,3846
25,1,1,2,1,3891,4056
25,2,1,2,1,4140,4332
25,3,1,2,1,4386,4524
25,2,1,2,1,4956,5121
25,1,1,2,1,5163,5313
25,2,1,2,1,5361,5493
25,3,1,2,1,5556,5694
25,2,1,2,1,5739,5994
25,1,1,2,1,6036,6186
25,2,1,2,1,6228,6387
25,3,1,2,1,6429,6567
25,2,1,2,1,6615,6786
25,1,1,2,1,6828,7005
25,2,1,2,1,7050,7227
25,3,1,2,1,7269,7434
25,2,1,2,1,7479,7662
25,1,1,2,1,7704,7857
25,2,1,2,1,7899,8049
25,3,1,2,1,8088,8202
25,2,1,2,1,8265,8433
25,1,1,2,1,8478,8643
25,2,1,2,1,8682,8847
25,3,1,2,1,8889,9027
25,2,1,2,1,9066,9282
25,1,1,2,1,9321,9633
25,2,1,2,1,9672,9822
25,3,1,2,1,9864,10065
25,2,1,2,1,10116,10287
25,3,0,2,1,10329,10389
25,2,1,2,1,10428,10626
25,1,1,2,1,10668,10821
25,2,1,2,1,10869,11013
25,3,1,2,1,11055,11178
25,2,1,2,1,11223,11424
25,1,1,2,1,11466,11595
25,2,1,2,1,11637,11817
25,3,1,2,1,11856,11973
25,2,1,2,1,12033,12219
25,1,1,2,1,12258,12465
25,2,1,2,1,12513,12675
25,3,1,2,1,12720,12825
25,2,1,2,1,12867,13023
25,1,1,2,1,13065,13206
25,2,1,2,1,13248,13401
25,3,1,2,1,13443,13593
25,2,1,2,1,13638,13824
25,1,1,2,1,13863,14049
25,2,1,2,1,14106,14283
25,3,1,2,1,14322,14457
25,2,1,2,1,14529,14712
25,3,0,2,1,14763,14847
25,2,1,2,1,14889,15036
25,1,1,2,1,15072,15225
25,2,1,2,1,15273,15489
25,3,1,2,1,15540,15708
25,2,1,2,1,15750,15927
25,3,0,2,1,15969,16038
25,2,1,2,1,16080,16245
25,1,1,2,1,16284,16959
25,2,1,2,1,17028,17187
25,3,1,2,1,17235,17325
25,2,1,2,1,17367,17484
25,1,1,2,1,17529,17628
25,2,1,2,1,17670,18201
25,3,1,2,1,18249,18504
25,2,1,2,1,18588,18759
25,1,1,2,1,18801,18906
25,2,1,2,1,18951,19074
25,3,1,2,1,19113,19281
26,3,0,2,1,0,78
26,2,1,2,1,162,369
26,1,1,2,1,522,843
26,2,1,2,1,897,1044
26,3,1,2,1,1113,1410
26,2,1,2,1,1464,1935
26,1,1,2,1,1980,2163
26,2,1,2,1,2232,2415
26,3,1,2,1,2457,2649
26,2,1,2,1,2697,2895
26,3,0,2,1,2940,3081
26,2,1,2,1,3120,3654
26,1,1,2,1,3717,3927
26,2,1,2,1,3969,4137
26,3,1,2,1,4176,4311
26,2,1,2,1,4350,4509
26,1,1,2,1,4548,4785
26,2,1,2,1,4824,4965
26,3,1,2,1,5022,5169
26,2,1,2,1,5211,5400
26,1,1,2,1,5436,5562
26,2,1,2,1,5601,5778
26,3,1,2,1,5817,5979
26,2,1,2,1,6015,6147
26,1,1,2,1,6183,6312
26,2,1,2,1,6348,6534
26,3,1,2,1,6570,6696
26,2,1,2,1,6735,6912
26,1,1,2,1,6948,7104
26,2,1,2,1,7143,7287
26,3,1,2,1,7323,7467
26,2,1,2,1,7503,7674
26,1,1,2,1,7710,7833
26,2,1,2,1,7890,8109
26,3,1,2,1,8148,8277
26,2,1,2,1,8322,8469
26,3,0,2,1,8508,8592
26,2,1,2,1,8628,8814
26,3,0,2,1,8859,8922
26,2,1,2,1,8961,9114
26,3,0,2,1,9162,9231
26,2,1,2,1,9279,9462
26,1,1,2,1,9510,9672
26,2,1,2,1,9711,9864
26,3,1,2,1,9903,10044
26,2,1,2,1,10083,10248
26,1,1,2,1,10356,10443
26,2,1,2,1,10479,10632
26,3,1,2,1,10722,10827
26,2,1,2,1,10866,11034
26,1,1,2,1,11082,11196
26,2,1,2,1,11235,11367
26,3,1,2,1,11406,11538
26,2,1,2,1,11607,11724
26,1,1,2,1,11763,11868
26,2,1,2,1,11919,12072
26,3,1,2,1,12111,12222
26,2,1,2,1,12264,12369
26,3,0,2,1,12411,12777
26,2,1,2,1,12816,12966
26,1,1,2,1,13002,13116
26,2,1,2,1,13155,13317
26,3,1,2,1,13380,13479
26,2,1,2,1,13521,13653
26,1,1,2,1,13698,13851
26,2,1,2,1,13893,14058
26,3,1,2,1,14097,14220
26,2,1,2,1,14259,14448
26,1,1,2,1,14484,14667
26,2,1,2,1,14709,14847
26,3,1,2,1,14886,14985
26,2,1,2,1,15024,15177
26,1,1,2,1,15213,15369
26,2,1,2,1,15414,15570
26,3,1,2,1,15612,15747
26,2,1,2,1,15786,15936
26,1,1,2,1,15975,16083
26,2,1,2,1,16140,16299
26,3,1,2,1,16338,16443
26,2,1,2,1,16491,16626
26,3,0,2,1,16668,16755
27,3,0,2,1,0,105
27,2,1,2,1,156,351
27,1,1,2,1,390,567
27,2,1,2,1,618,891
27,3,1,2,1,942,1152
27,2,1,2,1,1197,1392
27,3,0,2,1,1443,1554
27,2,1,2,1,1596,1866
27,1,1,2,1,1911,2106
27,2,1,2,1,2190,2379
27,3,1,2,1,2421,2583
27,2,1,2,1,2622,2826
27,1,1,2,1,2865,3045
27,2,1,2,1,3087,3285
27,3,1,2,1,3327,3570
27,2,1,2,1,3609,3795
27,1,1,2,1,3834,4059
27,2,1,2,1,4104,4275
27,3,1,2,1,4314,4476
27,2,1,2,1,4515,4716
27,3,0,2,1,4758,4887
27,2,1,2,1,4926,5088
27,1,1,2,1,5124,5238
27,2,1,2,1,5283,5472
27,3,1,2,1,5511,5652
27,2,1,2,1,5688,5883
27,1,1,2,1,5919,6069
27,2,1,2,1,6114,6315
27,3,1,2,1,6354,6519
27,2,1,2,1,6558,6807
27,1,1,2,1,6843,6972
27,2,1,2,1,7017,7182
27,3,1,2,1,7224,7401
27,2,1,2,1,7440,7650
27,1,1,2,1,7686,7842
27,2,1,2,1,7896,8076
27,3,1,2,1,8115,8292
27,2,1,2,1,8334,8484
27,3,0,2,1,8523,8583
27,2,1,2,1,8634,8847
27,1,1,2,1,8886,9018
27,2,1,2,1,9057,9258
27,3,1,2,1,9297,9429
27,2,1,2,1,9531,9762
27,1,1,2,1,9804,9957
27,2,1,2,1,9996,10137
27,1,0,2,1,10185,10323
27,2,1,2,1,10365,10560
27,3,1,2,1,10602,10758
27,2,1,2,1,10806,10977
27,1,1,2,1,11013,11130
27,2,1,2,1,11178,11382
27,3,1,2,1,11424,11538
27,2,1,2,1,11592,11757
27,1,1,2,1,11793,11958
27,2,1,2,1,12000,12180
27,3,1,2,1,12222,12378
27,2,1,2,1,12510,12624
27,1,1,2,1,12663,12792
27,2,1,2,1,12843,13014
27,3,1,2,1,13056,13188
27,2,1,2,1,13227,13368
27,3,0,2,1,13410,13485
27,2,1,2,1,13524,13668
27,3,0,2,1,13716,13779
27,2,1,2,1,13821,13947
27,1,1,2,1,13986,14121
27,2,1,2,1,14163,14385
27,3,1,2,1,14424,14580
27,2,1,2,1,14622,14775
27,1,1,2,1,14811,14973
27,2,1,2,1,15036,15171
27,3,1,2,1,15213,15315
27,2,1,2,1,15354,15507
27,1,1,2,1,15546,15693
27,2,1,2,1,15741,15921
27,3,1,2,1,15960,16119
27,2,1,2,1,16161,16305
27,1,1,2,1,16344,16590
27,2,1,2,1,16644,16815
27,3,1,2,1,16857,16968
28,3,0,2,1,0,216
28,2,1,2,1,261,492
28,1,1,2,1,531,765
28,2,1,2,1,819,1038
28,3,1,2,1,1080,1299
28,2,1,2,1,1443,1902
28,1,1,2,1,1944,2181
28,2,1,2,1,2229,2556
28,3,1,2,1,2598,2802
28,2,1,2,1,2844,3207
28,3,0,2,1,3252,3411
28,2,1,2,1,3453,3618
28,1,1,2,1,3657,3882
28,2,1,2,1,3942,4344
28,3,1,2,1,4386,4530
28,2,1,2,1,4572,4770
28,3,0,2,1,4812,4866
28,2,1,2,1,4908,5256
28,1,1,2,1,5301,5454
28,2,1,2,1,5505,5703
28,3,1,2,1,5745,6039
28,2,1,2,1,6081,6276
28,1,1,2,1,6315,6513
28,2,1,2,1,6567,6867
28,3,1,2,1,6906,7050
28,2,1,2,1,7089,7290
28,1,1,2,1,7332,7509
28,2,1,2,1,7566,7734
28,3,1,2,1,7776,7914
28,2,1,2,1,7956,8118
28,1,1,2,1,8157,8307
28,2,1,2,1,8346,8541
28,3,1,2,1,8580,8760
28,2,1,2,1,8802,8964
28,3,0,2,1,9003,9084
28,2,1,2,1,9123,9318
28,1,1,2,1,9357,9519
28,2,1,2,1,9570,9735
28,3,1,2,1,9774,9888
28,2,1,2,1,9927,10155
28,3,0,2,1,10194,10293
28,2,1,2,1,10332,10509
28,1,1,2,1,10548,10701
28,2,1,2,1,10740,10911
28,3,1,2,1,10953,11031
28,2,1,2,1,11292,11448
28,1,1,2,1,11748,11892
28,2,1,2,1,11958,12096
28,3,1,2,1,12138,12255
28,2,1,2,1,12300,12417
28,1,1,2,1,12459,12564
28,2,1,2,1,12606,12840
28,3,1,2,1,12882,13020
28,2,1,2,1,13062,13188
28,1,1,2,1,13227,13362
28,2,1,2,1,13410,13563
28,3,1,2,1,13605,13779
28,2,1,2,1,13821,14022
28,1,1,2,1,14067,14223
28,2,1,2,1,14268,14436
28,3,1,2,1,14478,14610
28,2,1,2,1,14652,14892
28,1,1,2,1,14931,15132
28,2,1,2,1,15180,15303
28,3,1,2,1,15345,15483
28,2,1,2,1,15525,15678
28,1,1,2,1,15717,15831
28,2,1,2,1,15879,16098
28,3,1,2,1,16140,16278
28,2,1,2,1,16320,16455
28,1,1,2,1,16491,16614
28,2,1,2,1,16662,16797
28,3,1,2,1,16839,17031
28,2,1,2,1,17070,17253
28,1,1,2,1,17292,17442
28,2,1,2,1,17487,17631
28,3,1,2,1,17670,17832
28,2,1,2,1,17871,18015
28,1,1,2,1,18297,18408
28,2,1,2,1,18477,18600
28,3,1,2,1,18645,18771
29,3,0,1,0,0,45
29,2,0,1,0,138,375
29,1,1,1,0,537,864
29,2,0,1,0,912,966
29,3,0,1,0,1008,1032
29,2,0,1,0,1098,1140
29,1,0,1,0,1182,1383
29,2,0,1,0,1437,1482
29,3,0,1,0,1521,1539
29,2,0,1,0,1590,1647
29,1,1,1,0,1686,1953
29,2,0,1,0,2007,2028
29,3,0,1,0,2070,2091
29,2,0,1,0,2139,2187
29,1,1,1,0,2226,2391
29,2,0,1,0,2460,2526
29,3,0,1,0,2568,2589
29,2,0,1,0,2706,2766
29,1,1,1,0,2811,3249
29,2,0,1,0,3288,3315
29,3,0,1,0,3414,3420
29,2,0,1,0,3480,3543
29,1,1,1,0,3582,3837
29,2,0,1,0,3882,3903
29,1,0,1,0,3951,4281
29,2,0,1,0,4326,4347
29,1,1,1,0,4467,4608
29,2,0,1,0,4653,4989
29,1,1,1,0,5028,5346
29,2,0,1,0,5433,5793
29,1,1,1,0,5835,6054
29,2,0,1,0,6147,6363
29,1,1,1,0,6408,6642
29,2,0,1,0,6735,6783
29,1,1,1,0,6858,7038
29,0,1,1,0,7101,7860
29,1,1,1,0,7977,8223
29,2,1,1,0,8319,8985
29,1,1,1,0,9021,9201
29,2,0,1,0,9270,9366
29,1,1,1,0,9435,9801
29,2,0,1,0,9855,10167
29,1,1,1,0,10209,10560
29,2,0,1,0,10629,10653
29,1,1,1,0,10764,11055
29,2,0,1,0,11115,11139
29,1,0,1,0,11193,11307
29,0,1,1,0,11355,11661
29,1,1,1,0,11793,12291
29,2,0,1,0,12333,12363
29,1,0,1,0,12432,12495
29,2,0,1,0,12582,12603
29,1,0,1,0,12645,12708
29,0,0,1,0,12846,12972
29,1,1,1,0,13098,13368
29,2,1,1,0,13410,13722
29,1,1,1,0,13767,14067
29,0,1,1,0,14139,14610
29,1,1,1,0,14661,14961
29,2,1,1,0,15006,15270
29,1,1,1,0,15312,15528
29,2,0,1,0,15576,15669
30,3,0,1,0,0,21
30,2,0,1,0,159,354
30,1,1,1,0,399,678
30,0,1,1,0,723,1068
30,1,1,1,0,1113,1305
30,2,1,1,0,1347,1446
30,1,1,1,0,1503,1860
30,2,0,1,0,1908,1956
30,1,1,1,0,2004,2109
30,2,0,1,0,2172,2244
30,1,1,1,0,2307,2763
30,2,0,1,0,2808,3153
30,1,1,1,0,3192,3441
30,2,0,1,0,3501,3546
30,1,1,1,0,3588,3945
30,2,0,1,0,3999,4233
30,1,1,1,0,4275,4449
30,2,0,1,0,4503,4542
30,1,1,1,0,4590,4950
30,2,0,1,0,4998,5154
30,1,1,1,0,5202,5361
30,2,0,1,0,5427,5463
30,1,1,1,0,5508,5979
30,2,0,1,0,6039,6102
30,1,1,1,0,6153,6375
30,2,0,1,0,6432,6474
30,1,1,1,0,6513,6687
30,2,0,1,0,6756,6789
30,1,1,1,0,6846,7044
30,2,0,1,0,7095,7119
30,1,1,1,0,7158,7350
30,2,0,1,0,7404,7425
30,1,1,1,0,7470,7695
30,2,0,1,0,7746,7875
30,1,1,1,0,7920,8112
30,2,0,1,0,8175,8199
30,1,1,1,0,8241,8463
30,2,0,1,0,8517,8535
30,1,0,1,0,8583,8994
30,2,0,1,0,9066,9141
30,1,1,1,0,9204,9408
30,2,0,1,0,9531,9549
30,1,1,1,0,9591,9795
30,2,0,1,0,9909,10659
31,3,0,1,0,0,21
31,2,0,1,0,99,210
31,1,1,1,0,261,387
31,2,0,1,0,474,528
31,1,1,1,0,585,870
31,2,0,1,0,921,1008
31,1,1,1,0,1077,1245
31,2,0,1,0,1293,1332
31,1,1,1,0,1374,1617
31,2,0,1,0,1719,1764
31,1,1,1,0,1830,2031
31,2,0,1,0,2097,2130
31,1,1,1,0,2178,2316
31,2,0,1,0,2388,2430
31,1,1,1,0,2475,2850
31,2,0,1,0,2925,2949
31,1,1,1,0,3012,3156
31,2,0,1,0,3252,3273
31,1,1,1,0,3318,3552
31,2,0,1,0,3612,3672
31,1,1,1,0,3714,3864
31,2,0,1,0,3948,3969
31,1,0,1,0,4023,4482
31,0,1,1,0,4560,4782
31,1,1,1,0,4833,5049
31,2,1,1,0,5094,5346
31,1,1,1,0,5400,5643
31,2,0,1,0,5706,5808
31,1,1,1,0,5850,6036
31,2,0,1,0,6129,6156
31,1,1,1,0,6219,6429
31,2,0,1,0,6480,6597
31,1,1,1,0,6639,6882
31,0,1,1,0,6939,7143
31,1,1,1,0,7185,7446
31,2,1,1,0,7488,7689
31,1,1,1,0,7731,7899
31,0,1,1,0,7941,8181
31,1,1,1,0,8226,8451
31,2,1,1,0,8496,8694
31,1,1,1,0,8736,8874
31,2,0,1,0,8985,9042
31,1,1,1,0,9084,9321
31,0,1,1,0,9363,9588
32,2,0,1,0,0,69
32,1,1,1,0,111,540
32,0,1,1,0,639,921
32,1,1,1,0,1002,1251
32,2,1,1,0,1296,1470
32,1,1,1,0,1551,1767
32,0,1,1,0,1812,2112
32,1,1,1,0,2154,2325
32,2,1,1,0,2376,2505
32,1,1,1,0,2547,2808
32,0,1,1,0,2859,3018
32,1,1,1,0,3060,3246
32,2,1,1,0,3288,3450
32,1,1,1,0,3492,3669
32,0,1,1,0,3711,3813
32,1,1,1,0,3852,4032
32,2,1,1,0,4074,4167
32,1,1,1,0,4209,4392
32,0,1,1,0,4431,4578
32,1,1,1,0,4617,4785
32,2,1,1,0,4896,5097
32,1,1,1,0,5139,5271
32,0,1,1,0,5310,5433
32,1,1,1,0,5472,5658
32,2,1,1,0,5700,5829
32,1,1,1,0,5886,6072
32,0,1,1,0,6111,6249
32,1,1,1,0,6288,6459
32,2,1,1,0,6510,6669
32,1,1,1,0,6714,6876
32,0,1,1,0,6915,7083
32,1,1,1,0,7122,7275
32,2,1,1,0,7404,7533
32,1,1,1,0,7575,7722
32,0,1,1,0,7761,7926
32,1,1,1,0,7962,8097
32,2,1,1,0,8136,8256
32,1,1,1,0,8310,8457
32,2,0,1,0,8505,8580
32,1,1,1,0,8622,8775
32,0,1,1,0,8811,8976
32,1,1,1,0,9015,9162
32,2,1,1,0,9204,9348
32,3,0,1,0,9447,9495
32,2,0,1,0,9561,9642
32,1,1,1,0,9678,9837
32,0,1,1,0,9873,10023
32,1,1,1,0,10059,10209
32,2,1,1,0,10251,10377
32,1,1,1,0,10419,10599
32,0,1,1,0,10635,10746
32,1,1,1,0,10782,10980
32,2,1,1,0,11019,11184
32,1,1,1,0,11226,11394
32,0,1,1,0,11430,11580
32,1,1,1,0,11616,11763
32,2,1,1,0,11805,11928
32,1,1,1,0,11970,12111
32,0,1,1,0,12150,12243
32,1,1,1,0,12279,12471
32,2,1,1,0,12564,12720
32,1,1,1,0,12852,13068
32,0,1,1,0,13110,13272
32,1,1,1,0,13311,13449
32,2,1,1,0,13491,13644
32,1,1,1,0,13683,13809
32,0,1,1,0,13845,14016
32,1,1,1,0,14055,14205
32,2,1,1,0,14244,14385
32,1,1,1,0,14421,14553
32,0,1,1,0,14589,14706
32,1,1,1,0,14745,14952
32,2,1,1,0,14991,15147
32,1,1,1,0,15189,15312
32,0,1,1,0,15348,15522
32,1,1,1,0,15561,15720
32,2,1,1,0,15762,15951
32,1,1,1,0,15993,16155
32,0,1,1,0,16191,16335
32,1,1,1,0,16374,16521
32,2,1,1,0,16560,16740
32,1,1,1,0,16782,16941
32,0,1,1,0,16977,17052
33,2,0,1,0,0,81
33,1,1,1,0,123,372
33,0,1,1,0,411,534
33,1,1,1,0,576,810
33,2,1,1,0,858,912
33,1,1,1,0,954,1173
33,0,1,1,0,1209,1392
33,1,1,1,0,1431,1689
33,2,1,1,0,1731,1968
33,1,1,1,0,2010,2193
33,0,1,1,0,2229,2385
33,1,1,1,0,2424,2646
33,2,1,1,0,2688,2841
33,1,1,1,0,2883,3153
33,0,1,1,0,3189,3348
33,1,1,1,0,3384,3561
33,2,1,1,0,3600,3771
33,1,1,1,0,3810,3969
33,0,1,1,0,4005,4164
33,1,1,1,0,4200,4440
33,2,1,1,0,4479,4611
33,1,1,1,0,4650,4800
33,0,1,1,0,4836,4989
33,1,1,1,0,5028,5235
33,2,1,1,0,5277,5469
33,1,1,1,0,5508,5691
33,0,1,1,0,5727,5814
33,1,1,1,0,5853,6066
33,2,1,1,0,6102,6240
33,1,1,1,0,6279,6426
33,0,1,1,0,6459,6630
33,1,1,1,0,6666,6810
33,2,1,1,0,6849,6981
33,1,1,1,0,7041,7194
33,0,1,1,0,7230,7299
33,1,1,1,0,7338,7572
33,2,1,1,0,7620,7788
33,1,1,1,0,7830,8022
33,0,1,1,0,8058,8193
33,1,1,1,0,8229,8394
33,2,1,1,0,8436,8586
33,1,1,1,0,8631,8817
33,0,1,1,0,8856,8964
33,1,1,1,0,9000,9153
33,2,1,1,0,9195,9393
33,1,1,1,0,9441,9618
33,0,1,1,0,9654,9804
33,1,1,1,0,9840,10053
33,2,1,1,0,10092,10266
33,1,1,1,0,10305,10482
33,0,1,1,0,10524,10695
33,1,1,1,0,10734,10890
33,2,1,1,0,10929,11130
33,1,1,1,0,11175,11367
33,0,1,1,0,11406,11547
33,1,1,1,0,11586,11775
33,2,1,1,0,11817,12006
33,1,1,1,0,12045,12216
33,0,1,1,0,12255,12372
33,1,1,1,0,12408,12579
33,2,1,1,0,12621,12756
33,1,1,1,0,12810,12993
33,0,1,1,0,13029,13176
33,1,1,1,0,13215,13422
33,2,1,1,0,13473,13662
33,1,1,1,0,13704,13866
33,0,1,1,0,13905,14046
33,1,1,1,0,14085,14325
33,2,1,1,0,14379,14559
33,1,1,1,0,14598,14751
33,0,1,1,0,14796,14946
33,1,1,1,0,14985,15153
33,2,1,1,0,15195,15441
33,1,1,1,0,15483,15720
33,0,1,1,0,15759,15891
33,1,1,1,0,15930,16092
33,2,1,1,0,16137,16311
33,1,1,1,0,16353,16539
33,0,1,1,0,16578,16776
33,1,1,1,0,16815,16974
33,2,1,1,0,17013,17145
34,2,0,1,0,0,72
34,1,1,1,0,111,258
34,0,1,1,0,297,399
34,1,1,1,0,438,657
34,2,1,1,0,699,852
34,1,1,1,0,897,1041
34,0,1,1,0,1080,1296
34,1,1,1,0,1335,1530
34,2,1,1,0,1569,1737
34,1,1,1,0,1779,1989
34,0,1,1,0,2028,2175
34,1,1,1,0,2211,2400
34,2,1,1,0,2442,2571
34,1,1,1,0,2613,2793
34,0,1,1,0,2829,2988
34,1,1,1,0,3027,3219
34,2,1,1,0,3261,3411
34,1,1,1,0,3450,3669
34,0,1,1,0,3705,3828
34,1,1,1,0,3864,4011
34,2,1,1,0,4050,4212
34,1,1,1,0,4251,4419
34,0,1,1,0,4455,4611
34,1,1,1,0,4647,4830
34,2,1,1,0,4869,5055
34,1,1,1,0,5094,5250
34,0,1,1,0,5286,5412
34,1,1,1,0,5448,5613
34,2,1,1,0,5652,5793
34,1,1,1,0,5832,5994
34,0,1,1,0,6027,6159
34,1,1,1,0,6198,6381
34,2,1,1,0,6423,6582
34,1,1,1,0,6618,6816
34,0,1,1,0,6849,6969
34,1,1,1,0,7005,7182
34,2,1,1,0,7221,7377
34,1,1,1,0,7413,7608
34,0,1,1,0,7641,7785
34,1,1,1,0,7824,7977
34,2,1,1,0,8019,8193
34,1,1,1,0,8232,8394
34,0,1,1,0,8430,8508
34,1,1,1,0,8547,8763
34,2,1,1,0,8802,8949
34,1,1,1,0,8991,9180
34,0,1,1,0,9216,9363
34,1,1,1,0,9399,9609
34,2,1,1,0,9651,9858
34,1,1,1,0,9915,10089
34,0,1,1,0,10125,10275
34,1,1,1,0,10314,10488
34,2,1,1,0,10527,10683
34,1,1,1,0,10725,10896
34,0,1,1,0,10935,11076
34,1,1,1,0,11115,11313
34,2,1,1,0,11355,11535
34,1,1,1,0,11574,11754
34,0,1,1,0,11796,11907
34,1,1,1,0,11946,12141
34,2,1,1,0,12183,12354
34,1,1,1,0,12393,12564
34,0,1,1,0,12600,12726
34,1,1,1,0,12765,12957
34,2,1,1,0,13002,13152
34,1,1,1,0,13191,13335
34,0,1,1,0,13371,13452
34,1,1,1,0,13491,13674
34,2,1,1,0,13716,13893
34,1,1,1,0,13959,14118
34,0,1,1,0,14154,14286
34,1,1,1,0,14325,14505
34,2,1,1,0,14550,14751
34,1,1,1,0,14790,14946
34,0,1,1,0,14982,15060
34,1,1,1,0,15102,15243
34,2,1,1,0,15285,15465
34,1,1,1,0,15507,15729
34,0,1,1,0,15768,15906
34,1,1,1,0,15948,16134
34,2,1,1,0,16173,17133
35,2,0,3,2,0,60
35,1,0,3,2,129,177
35,0,0,3,2,261,300
35,1,0,3,2,450,660
35,2,0,3,2,921,984
35,5,0,3,2,1308,1476
35,4,0,3,2,1566,1836
35,5,0,3,2,2133,2160
35,3,1,3,2,2229,2415
35,2,1,3,2,2457,2676
35,1,0,3,2,2718,2862
35,0,0,3,2,2943,3012
35,1,0,3,2,3057,3075
35,2,0,3,2,3132,3333
35,1,0,3,2,3381,3408
35,2,0,3,2,3474,3543
35,3,1,3,2,3663,3858
35,4,1,3,2,4017,4218
35,5,0,3,2,4335,4401
35,3,1,3,2,4467,4707
35,2,1,3,2,4746,4824
35,1,0,3,2,4866,4893
35,0,0,3,2,4935,4959
35,1,0,3,2,5010,5028
35,2,0,3,2,5079,5124
35,3,1,3,2,5175,5274
35,2,0,3,2,5385,5421
35,1,0,3,2,5460,5481
35,0,0,3,2,5523,5592
35,2,0,3,2,5670,5712
35,3,1,3,2,5760,6069
35,2,0,3,2,6168,6354
35,1,0,3,2,6393,6411
35,2,0,3,2,6516,6555
35,3,1,3,2,6603,6852
35,2,0,3,2,7011,7104
35,1,0,3,2,7191,7200
35,2,0,3,2,7317,7344
35,3,1,3,2,7410,7692
35,2,0,3,2,7743,7761
35,3,1,3,2,7800,7875
35,4,1,3,2,7923,8220
35,3,1,3,2,8283,8586
35,2,1,3,2,8625,8919
35,1,0,3,2,8958,9093
35,2,0,3,2,9138,9189
35,3,1,3,2,9231,9465
35,4,1,3,2,9510,9690
35,3,1,3,2,9762,10017
35,2,1,3,2,10053,10281
35,1,0,3,2,10323,10374
35,2,0,3,2,10416,10485
35,3,1,3,2,10521,10716
35,4,1,3,2,10779,10950
35,5,0,3,2,11061,11118
35,3,1,3,2,11196,11343
35,2,1,3,2,11379,11595
35,1,0,3,2,11634,11706
35,2,0,3,2,11748,11802
35,3,1,3,2,11844,12039
35,4,1,3,2,12078,12228
35,3,1,3,2,12273,12426
35,2,1,3,2,12537,12663
35,1,0,3,2,12702,12729
35,2,0,3,2,12771,12795
35,3,1,3,2,12846,13014
35,2,0,3,2,13065,13104
35,1,0,3,2,13152,13167
35,2,0,3,2,13212,13338
35,3,1,3,2,13380,13725
35,2,0,3,2,13767,13944
35,1,0,3,2,13986,14169
35,2,0,3,2,14214,14259
35,3,1,3,2,14388,14571
35,4,1,3,2,14658,14811
35,3,1,3,2,14874,15087
35,2,1,3,2,15123,15411
35,1,0,3,2,15459,15513
35,2,0,3,2,15555,15684
35,3,1,3,2,15723,15966
35,4,1,3,2,16005,16287
36,2,0,3,2,0,48
36,1,0,3,2,84,108
36,0,0,3,2,225,255
36,1,0,3,2,333,351
36,2,0,3,2,405,453
36,3,1,3,2,504,753
36,2,0,3,2,816,855
36,0,0,3,2,945,972
36,2,0,3,2,1035,1059
36,3,1,3,2,1101,1416
36,2,0,3,2,1467,1509
36,0,0,3,2,1578,1599
36,2,0,3,2,1659,1692
36,3,1,3,2,1734,1998
36,2,0,3,2,2064,2079
36,3,0,3,2,2124,2172
36,4,1,3,2,2241,2388
36,3,1,3,2,2445,2721
36,2,1,3,2,2760,3015
36,1,0,3,2,3057,3114
36,2,0,3,2,3156,3354
36,3,1,3,2,3393,3648
36,4,1,3,2,3699,3873
36,3,1,3,2,3918,4209
36,2,1,3,2,4248,4539
36,3,1,3,2,4578,4659
36,4,1,3,2,4740,4878
36,2,0,3,2,4950,5025
36,0,0,3,2,5121,5139
36,2,0,3,2,5208,5229
36,3,1,3,2,5268,5505
36,4,1,3,2,5544,5709
36,3,1,3,2,5769,5991
36,2,1,3,2,6030,6288
36,3,1,3,2,6333,6612
36,4,1,3,2,6660,6825
36,3,1,3,2,6870,7116
36,2,1,3,2,7155,7230
36,3,1,3,2,7269,7470
36,4,1,3,2,7509,7671
36,3,1,3,2,7716,7926
36,2,1,3,2,7965,8238
36,3,1,3,2,8277,8484
36,4,1,3,2,8523,8628
36,3,1,3,2,8673,8928
36,2,1,3,2,8967,9198
36,3,1,3,2,9240,9462
36,4,1,3,2,9513,9660
36,3,1,3,2,9702,9894
36,2,1,3,2,9930,10215
36,3,1,3,2,10254,10407
36,4,1,3,2,10446,10602
36,3,1,3,2,10644,10845
36,2,1,3,2,10881,11088
36,3,1,3,2,11127,11274
36,2,0,3,2,11322,11979
37,2,0,3,2,0,45
37,1,0,3,2,81,99
37,2,0,3,2,165,183
37,3,1,3,2,231,432
37,4,1,3,2,480,678
37,3,1,3,2,735,999
37,2,1,3,2,1038,1299
37,3,1,3,2,1341,1578
37,4,1,3,2,1620,1764
37,3,1,3,2,1806,1995
37,2,1,3,2,2034,2256
37,3,1,3,2,2295,2484
37,4,1,3,2,2526,2649
37,3,1,3,2,2691,2868
37,2,1,3,2,2907,3150
37,1,0,3,2,3192,3255
37,2,0,3,2,3297,3372
37,3,1,3,2,3414,3606
37,4,1,3,2,3648,3774
37,3,1,3,2,3816,4035
37,2,1,3,2,4074,4329
37,3,1,3,2,4368,4533
37,4,1,3,2,4575,4701
37,3,1,3,2,4749,4878
37,2,1,3,2,4917,5145
37,1,0,3,2,5184,5226
37,2,0,3,2,5277,5352
37,3,1,3,2,5391,5571
37,4,1,3,2,5610,5712
37,3,1,3,2,5757,5934
37,2,1,3,2,5973,6177
37,1,0,3,2,6222,6240
37,2,0,3,2,6300,6363
37,3,1,3,2,6405,6681
37,4,1,3,2,6723,6870
37,3,1,3,2,6921,7089
37,2,1,3,2,7131,7332
37,3,1,3,2,7374,7566
37,2,0,3,2,7614,7668
37,3,1,3,2,7713,7863
37,4,1,3,2,7908,8049
37,5,0,3,2,8157,8184
37,3,1,3,2,8241,8397
37,2,1,3,2,8436,8679
37,3,1,3,2,8721,8961
37,4,1,3,2,9003,9090
37,3,1,3,2,9135,9318
37,2,1,3,2,9360,9591
37,3,1,3,2,9645,9840
37,4,1,3,2,9885,9972
38,2,0,3,2,0,138
38,1,0,3,2,261,321
38,2,0,3,2,372,414
38,3,1,3,2,468,942
38,4,1,3,2,999,1272
38,3,1,3,2,1329,1581
38,2,1,3,2,1641,1857
38,3,1,3,2,1899,2193
38,4,1,3,2,2241,2430
38,3,1,3,2,2475,2718
38,2,1,3,2,2757,2982
38,3,1,3,2,3021,3228
38,4,1,3,2,3270,3435
38,3,1,3,2,3474,3693
38,2,1,3,2,3729,3966
38,3,1,3,2,4002,4143
38,4,1,3,2,4182,4248
38,3,1,3,2,4293,4545
38,2,1,3,2,4581,4761
38,3,1,3,2,4800,4968
38,4,1,3,2,5007,5076
38,3,1,3,2,5118,5277
38,2,0,3,2,5313,5460
38,1,0,3,2,5499,5526
38,2,1,3,2,5571,5598
38,3,1,3,2,5637,5871
38,4,1,3,2,5931,6003
38,3,1,3,2,6078,6240
38,4,0,3,2,6285,6390
38,3,1,3,2,6453,6630
38,2,1,3,2,6663,6882
38,3,1,3,2,6921,7143
38,4,1,3,2,7182,7341
38,3,1,3,2,7380,7500
38,2,1,3,2,7536,7716
38,3,1,3,2,7752,7938
38,4,1,3,2,7977,8043
38,3,1,3,2,8088,8268
38,2,1,3,2,8304,8493
38,1,0,3,2,8532,8553
38,2,0,3,2,8604,8658
38,3,1,3,2,8697,8880
38,4,1,3,2,8919,9018
38,3,1,3,2,9057,9252
38,2,1,3,2,9288,9573
38,3,1,3,2,9624,9825
38,4,1,3,2,9864,9969
38,3,1,3,2,10005,10140
38,4,0,3,2,10182,10302
38,3,1,3,2,10338,10524
38,2,1,3,2,10563,10689
38,3,1,3,2,10731,10884
38,4,1,3,2,10926,10998
38,3,1,3,2,11040,11217
38,2,1,3,2,11256,11460
38,3,1,3,2,11499,11697
38,4,1,3,2,11733,11817
38,3,1,3,2,11856,12000
38,2,1,3,2,12036,12219
38,3,1,3,2,12258,12468
38,4,1,3,2,12519,12591
38,3,1,3,2,12630,12774
38,2,1,3,2,12810,13005
38,3,1,3,2,13119,13299
38,4,1,3,2,13341,13431
38,3,1,3,2,13470,13635
38,2,1,3,2,13704,13908
38,3,1,3,2,13947,14112
38,4,1,3,2,14151,14223
38,3,1,3,2,14265,14436
38,2,1,3,2,14472,14616
38,3,1,3,2,14655,14847
38,4,1,3,2,14886,14955
38,3,1,3,2,14994,15174
38,2,1,3,2,15210,15399
38,3,1,3,2,15438,15615
38,4,1,3,2,15654,15723
38,3,1,3,2,15762,15945
38,4,0,3,2,16017,16125
38,3,1,3,2,16161,16326
38,2,1,3,2,16362,16527
38,3,1,3,2,16572,16743
38,4,1,3,2,16788,16911
38,3,1,3,2,16950,17130
38,2,1,3,2,17166,17346
38,3,1,3,2,17463,17679
38,4,1,3,2,17715,17790
39,2,0,3,2,0,114
39,1,0,3,2,165,177
39,3,1,3,2,243,435
39,4,1,3,2,477,582
39,3,1,3,2,624,849
39,2,1,3,2,888,1011
39,3,1,3,2,1050,1245
39,4,1,3,2,1284,1383
39,3,1,3,2,1422,1593
39,2,1,3,2,1632,1845
39,3,1,3,2,1887,2112
39,4,1,3,2,2151,2226
39,3,1,3,2,2268,2445
39,2,1,3,2,2481,2694
39,3,1,3,2,2739,2913
39,4,1,3,2,2955,3021
39,3,1,3,2,3060,3249
39,2,1,3,2,3285,3513
39,3,1,3,2,3552,3714
39,4,1,3,2,3753,3822
39,3,1,3,2,3864,4077
39,2,1,3,2,4116,4287
39,3,1,3,2,4326,4497
39,4,1,3,2,4536,4605
39,3,1,3,2,4653,4809
39,2,1,3,2,4848,5052
39,1,0,3,2,5103,5118
39,3,1,3,2,5172,5325
39,4,1,3,2,5364,5430
39,3,1,3,2,5469,5622
39,2,1,3,2,5661,5880
39,3,1,3,2,5919,6102
39,4,1,3,2,6141,6213
39,3,1,3,2,6252,6447
39,2,1,3,2,6486,6672
39,3,1,3,2,6711,6858
39,4,1,3,2,6897,6978
39,3,1,3,2,7026,7245
39,2,1,3,2,7287,7479
39,3,1,3,2,7518,7728
39,4,1,3,2,7767,7839
39,3,1,3,2,7878,8016
39,2,1,3,2,8070,8262
39,3,1,3,2,8301,8490
39,4,1,3,2,8532,8847
39,3,1,3,2,8892,9054
39,2,1,3,2,9129,9234
39,3,1,3,2,9273,9450
39,4,1,3,2,9492,9606
39,3,1,3,2,9651,9855
39,2,1,3,2,9894,10170
39,3,1,3,2,10212,10401
39,4,1,3,2,10443,10569
39,3,1,3,2,10605,10827
39,2,1,3,2,10863,11025
39,3,1,3,2,11067,11208
39,4,1,3,2,11250,11337
39,3,1,3,2,11376,11604
39,2,1,3,2,11643,11886
39,3,1,3,2,11925,12111
39,4,1,3,2,12150,12240
39,3,1,3,2,12282,12435
39,2,1,3,2,12474,12696
39,3,1,3,2,12735,12933
39,4,1,3,2,12975,13050
39,3,1,3,2,13092,13284
39,2,1,3,2,13371,13503
39,3,1,3,2,13545,13737
39,4,1,3,2,13776,13851
39,3,1,3,2,13890,14043
39,2,1,3,2,14082,14334
39,3,1,3,2,14379,14583
39,4,1,3,2,14625,14703
39,3,1,3,2,14742,14892
39,2,1,3,2,14928,15126
39,3,1,3,2,15177,15363
39,4,1,3,2,15402,15474
39,3,1,3,2,15519,15696
39,2,1,3,2,15735,15933
39,3,1,3,2,15978,16197
39,4,1,3,2,16236,16308
39,3,1,3,2,16350,16563
39,2,1,3,2,16599,17472
40,3,1,3,2,0,405
40,4,1,3,2,483,705
40,3,1,3,2,750,948
40,2,1,3,2,1062,1311
40,3,1,3,2,1365,1578
40,4,1,3,2,1620,1707
40,3,1,3,2,1755,1881
40,2,1,3,2,1986,2193
40,3,1,3,2,2271,2517
40,4,1,3,2,2556,2709
40,3,1,3,2,2754,2973
40,2,1,3,2,3015,3255
40,3,1,3,2,3294,3465
40,4,1,3,2,3504,3591
40,3,1,3,2,3636,3771
40,2,1,3,2,3813,3978
40,3,1,3,2,4017,4173
40,4,1,3,2,4212,4281
40,3,1,3,2,4329,4569
40,2,1,3,2,4608,4884
40,3,1,3,2,4920,5097
40,4,1,3,2,5133,5265
40,3,1,3,2,5310,5532
40,2,1,3,2,5571,5769
40,3,1,3,2,5805,6027
40,4,1,3,2,6066,6156
40,3,1,3,2,6192,6375
40,2,1,3,2,6411,6552
40,3,1,3,2,6591,6741
40,4,1,3,2,6780,6846
40,3,1,3,2,6885,7065
40,2,1,3,2,7104,7317
40,1,0,3,2,7374,7407
40,3,1,3,2,7461,7638
40,4,1,3,2,7674,7743
40,3,1,3,2,7782,7938
40,2,1,3,2,7980,8175
40,3,1,3,2,8214,8373
40,4,1,3,2,8409,8490
40,3,1,3,2,8529,8724
40,2,1,3,2,8766,8937
40,3,1,3,2,8976,9159
40,4,1,3,2,9198,9411
40,5,0,3,2,9474,9723
40,4,0,3,2,9777,9870
40,3,1,3,2,9909,10095
40,2,1,3,2,10143,10335
40,3,1,3,2,10374,10533
40,4,1,3,2,10572,10713
40,3,1,3,2,10776,10917
40,2,1,3,2,10953,11070
40,3,1,3,2,11112,11352
40,4,1,3,2,11391,11466
40,3,1,3,2,11505,11706
40,2,1,3,2,11748,11955
40,3,1,3,2,11997,12168
40,4,1,3,2,12207,12300
40,3,1,3,2,12342,12468
40,2,1,3,2,12507,12663
40,3,1,3,2,12705,12903
40,4,1,3,2,12942,13014
40,3,1,3,2,13059,13287
40,2,1,3,2,13347,13548
40,3,1,3,2,13590,13803
40,4,1,3,2,13842,13926
40,3,1,3,2,13965,14136
40,2,1,3,2,14172,14409
40,3,1,3,2,14448,14643
40,4,1,3,2,14682,14778
40,3,1,3,2,14814,14952
40,2,1,3,2,15009,15201
40,3,1,3,2,15243,15387
40,4,1,3,2,15429,15501
40,3,1,3,2,15546,15705
40,2,1,3,2,15744,15930
40,3,1,3,2,15972,16098
40,4,1,3,2,16140,16230
40,3,1,3,2,16275,16407
40,2,1,3,2,16446,16614
40,3,1,3,2,16656,16806
40,4,1,3,2,16845,16941
40,3,1,3,2,16980,17133
40,2,1,3,2,17172,17340
41,3,1,3,2,0,342
41,2,1,3,2,432,618
41,3,1,3,2,672,855
41,4,1,3,2,906,1074
41,5,0,3,2,1158,1290
41,4,0,3,2,1338,1377
41,3,1,3,2,1422,1623
41,2,1,3,2,1665,1920
41,3,1,3,2,1959,2142
41,4,1,3,2,2184,2280
41,3,1,3,2,2400,2622
41,2,1,3,2,2661,2892
41,3,1,3,2,2955,3333
41,4,1,3,2,3372,3438
41,3,1,3,2,3480,3639
41,2,1,3,2,3678,3852
41,3,1,3,2,3888,4077
41,4,1,3,2,4116,4185
41,3,1,3,2,4230,4416
41,2,1,3,2,4455,4638
41,3,1,3,2,4677,4869
41,4,1,3,2,4908,4977
41,3,1,3,2,5022,5196
41,2,1,3,2,5232,5370
41,3,1,3,2,5409,5523
41,4,0,3,2,5565,5634
41,5,0,3,2,5682,5703
41,4,1,3,2,5748,5787
41,3,1,3,2,5823,6006
41,2,1,3,2,6045,6261
41,3,1,3,2,6300,6471
41,4,1,3,2,6510,6573
41,3,1,3,2,6615,6753
41,2,1,3,2,6789,6984
41,3,1,3,2,7026,7161
41,4,1,3,2,7203,7269
41,3,1,3,2,7311,7491
41,2,1,3,2,7530,7695
41,3,1,3,2,7737,7917
41,4,1,3,2,7959,8028
41,3,1,3,2,8070,8214
41,2,1,3,2,8253,8430
41,3,1,3,2,8469,8610
41,4,1,3,2,8649,8718
41,3,1,3,2,8760,8937
41,2,1,3,2,8973,9141
41,3,1,3,2,9180,9342
41,4,1,3,2,9384,9453
41,3,1,3,2,9492,9636
41,2,1,3,2,9672,9807
41,3,1,3,2,9849,9993
41,4,1,3,2,10035,10110
41,3,1,3,2,10149,10335
41,2,1,3,2,10380,10542
41,3,1,3,2,10581,10740
41,4,1,3,2,10782,10914
41,3,1,3,2,10953,11139
41,2,1,3,2,11175,11334
41,3,1,3,2,11376,11526
41,4,1,3,2,11565,11646
41,3,1,3,2,11688,11877
41,2,1,3,2,11916,12072
41,3,1,3,2,12111,12279
41,4,1,3,2,12318,12384
41,3,1,3,2,12435,12570
41,2,1,3,2,12609,12768
41,3,1,3,2,12846,13002
41,4,1,3,2,13044,13113
41,3,1,3,2,13158,13335
41,2,1,3,2,13374,13578
41,3,1,3,2,13626,13836
41,4,1,3,2,13878,13968
41,3,1,3,2,14010,14160
41,2,1,3,2,14199,14373
41,3,1,3,2,14433,14583
41,4,1,3,2,14625,14736
41,3,1,3,2,14778,14952
41,2,1,3,2,14991,15147
41,3,1,3,2,15189,15381
41,4,1,3,2,15426,15513
41,3,1,3,2,15555,15714
41,2,1,3,2,15753,15957
41,3,1,3,2,15999,16428
41,4,1,3,2,16503,16575
42,3,1,3,2,0,126
42,2,1,3,2,177,348
42,3,1,3,2,396,573
42,4,1,3,2,618,765
42,3,1,3,2,813,963
42,2,1,3,2,1005,1110
42,3,1,3,2,1155,1479
42,4,1,3,2,1527,1602
42,3,1,3,2,1647,1800
42,2,1,3,2,1839,2076
42,3,1,3,2,2118,2340
42,4,1,3,2,2382,2535
42,3,1,3,2,2577,2748
42,2,1,3,2,2787,2967
42,3,1,3,2,3009,3201
42,4,1,3,2,3243,3339
42,3,1,3,2,3387,3573
42,2,1,3,2,3612,3810
42,3,1,3,2,3855,4017
42,4,1,3,2,4059,4170
42,3,1,3,2,4212,4440
42,2,1,3,2,4482,4665
42,3,1,3,2,4704,4827
42,4,1,3,2,4869,4959
42,3,1,3,2,5010,5196
42,2,1,3,2,5235,5430
42,3,1,3,2,5472,5628
42,4,1,3,2,5673,5787
42,3,1,3,2,5829,5964
42,2,1,3,2,6003,6168
42,3,1,3,2,6210,6354
42,4,1,3,2,6393,6459
42,3,1,3,2,6507,6654
42,2,1,3,2,6693,6846
42,3,1,3,2,6888,7053
42,4,1,3,2,7098,7176
42,3,1,3,2,7218,7359
42,2,1,3,2,7398,7563
42,3,1,3,2,7605,7749
42,4,1,3,2,7791,7869
42,3,1,3,2,7914,8073
42,2,1,3,2,8112,8259
42,3,1,3,2,8304,8571
42,4,1,3,2,8616,8712
42,3,1,3,2,8757,8901
42,2,1,3,2,8940,9114
42,3,1,3,2,9156,9360
42,4,1,3,2,9402,9516
42,3,1,3,2,9561,9717
42,2,1,3,2,9756,9954
42,3,1,3,2,9999,10164
42,4,1,3,2,10209,10278
42,3,1,3,2,10323,10491
42,2,1,3,2,10530,10773
42,3,1,3,2,10815,11058
42,2,0,3,2,11100,11241
42,3,1,3,2,11283,11475
42,4,1,3,2,11520,11709
42,3,1,3,2,11751,11958
42,4,0,3,2,12063,12096
42,3,1,3,2,12138,12267
42,2,1,3,2,12306,12483
42,3,1,3,2,12543,12702
42,4,1,3,2,12744,12864
42,3,1,3,2,13005,13173
42,2,1,3,2,13218,13398
42,3,1,3,2,13461,13638
42,2,0,3,2,13680,13773
42,3,1,3,2,13815,14010
42,4,1,3,2,14058,14139
42,3,1,3,2,14187,14325
42,2,1,3,2,14370,14541
42,3,1,3,2,14586,14748
42,4,1,3,2,14871,14955
42,3,1,3,2,15003,15159
42,2,1,3,2,15198,15354
42,3,1,3,2,15396,15564
42,4,1,3,2,15609,15681
42,3,1,3,2,15729,15855
42,2,1,3,2,15894,16977
43,3,1,3,2,0,171
43,2,1,3,2,243,447
43,3,1,3,2,606,828
43,4,1,3,2,927,1113
43,3,1,3,2,1197,1392
43,2,1,3,2,1431,1587
43,3,1,3,2,1629,1722
43,2,0,3,2,1857,1923
43,3,1,3,2,1980,2217
43,4,1,3,2,2262,2331
43,3,1,3,2,2475,2607
43,2,1,3,2,2649,2832
43,3,1,3,2,2874,3033
43,4,1,3,2,3075,3147
43,3,1,3,2,3198,3348
43,2,1,3,2,3387,3624
43,3,1,3,2,3669,3831
43,4,1,3,2,3873,3942
43,3,1,3,2,3987,4152
43,2,1,3,2,4188,4374
43,3,1,3,2,4413,4569
43,4,1,3,2,4608,4713
43,3,1,3,2,4755,4908
43,2,1,3,2,4947,5178
43,3,1,3,2,5217,5355
43,4,1,3,2,5394,5463
43,3,1,3,2,5517,5652
43,2,1,3,2,5694,5874
43,3,1,3,2,5916,6075
43,4,1,3,2,6117,6186
43,3,1,3,2,6228,6357
43,2,1,3,2,6396,6561
43,3,1,3,2,6600,6750
43,4,1,3,2,6792,6864
43,3,1,3,2,6936,7107
43,2,1,3,2,7149,7281
43,3,1,3,2,7320,7464
43,4,1,3,2,7506,7575
43,3,1,3,2,7620,7746
43,2,1,3,2,7785,7974
43,3,1,3,2,8013,8160
43,4,1,3,2,8205,8277
43,3,1,3,2,8319,8481
43,2,1,3,2,8523,8727
43,3,1,3,2,8766,8949
43,4,1,3,2,8991,9063
43,3,1,3,2,9114,9273
43,2,1,3,2,9312,9486
43,3,1,3,2,9528,9675
43,4,1,3,2,9717,9903
43,3,1,3,2,9948,10125
43,2,1,3,2,10167,10359
43,3,1,3,2,10401,10584
43,4,1,3,2,10626,10770
43,3,1,3,2,10815,10992
43,2,1,3,2,11031,11181
43,3,1,3,2,11223,11400
43,4,1,3,2,11445,11538
43,3,1,3,2,11580,11760
43,2,1,3,2,11802,12006
43,3,1,3,2,12048,12336
43,4,1,3,2,12384,12465
43,3,1,3,2,12507,12660
43,2,1,3,2,12699,12912
43,3,1,3,2,12954,13068
43,4,1,3,2,13113,13188
43,3,1,3,2,13233,13392
43,2,1,3,2,13434,13656
43,3,1,3,2,13698,13881
43,4,1,3,2,13923,13995
43,3,1,3,2,14040,14181
43,2,1,3,2,14223,14400
43,3,1,3,2,14445,14604
43,4,1,3,2,14664,14742
43,3,1,3,2,14844,15003
43,2,1,3,2,15045,15213
43,3,1,3,2,15258,15450
43,4,1,3,2,15495,15624
43,3,1,3,2,15669,15840
43,2,1,3,2,15882,16062
44,3,1,3,1,0,450
44,4,0,3,1,528,747
44,3,1,3,1,807,1044
44,2,0,3,1,1095,1164
44,3,1,3,1,1212,1266
44,2,0,3,1,1542,1560
44,4,0,3,1,1701,1761
44,5,0,3,1,1848,2322
44,3,1,3,1,2379,2460
44,2,0,3,1,2505,2517
44,4,0,3,1,2589,2613
44,0,0,3,1,2835,3126
44,1,0,3,1,3372,4056
44,2,0,3,1,4110,4167
44,3,1,3,1,4218,4476
44,4,0,3,1,4524,4668
44,5,0,3,1,4833,5115
44,4,0,3,1,5187,5202
44,3,1,3,1,5247,5796
44,2,0,3,1,5838,5898
44,1,0,3,1,5946,6198
44,2,0,3,1,6249,6261
44,3,1,3,1,6306,6450
44,4,0,3,1,6495,6519
44,0,0,3,1,6723,6828
44,1,0,3,1,6939,6978
44,2,0,3,1,7032,7047
44,3,1,3,1,7086,7134
44,5,1,3,1,7266,7620
44,3,1,3,1,7686,8022
44,2,0,3,1,8061,8082
44,1,1,3,1,8124,8352
44,2,0,3,1,8394,8412
44,3,1,3,1,8454,9123
44,4,0,3,1,9168,9219
44,3,1,3,1,9264,9624
44,2,0,3,1,9663,9720
44,1,0,3,1,9765,9918
44,2,0,3,1,9966,9981
44,3,1,3,1,10020,10287
44,4,0,3,1,10332,10377
44,3,1,3,1,10416,10674
44,2,0,3,1,10710,10734
44,1,0,3,1,10773,10899
44,3,1,3,1,10959,11226
44,4,0,3,1,11265,11310
44,3,1,3,1,11349,11595
44,2,0,3,1,11631,11646
44,1,0,3,1,11688,11742
44,3,1,3,1,11796,12072
44,4,0,3,1,12117,12135
44,3,0,3,1,12171,12297
44,2,0,3,1,12336,12342
44,1,0,3,1,12381,12429
44,0,0,3,1,12477,12648
44,1,0,3,1,12774,12882
44,2,0,3,1,12948,12966
44,3,1,3,1,13008,13191
44,5,1,3,1,13284,13602
44,3,1,3,1,13683,13905
44,2,0,3,1,13944,13962
44,1,1,3,1,14004,14283
44,3,1,3,1,14340,14544
44,4,0,3,1,14586,14637
44,3,1,3,1,14682,15006
44,2,0,3,1,15045,15852
45,3,1,3,1,0,141
45,1,1,3,1,273,405
45,3,1,3,1,465,651
45,4,0,3,1,696,747
45,3,1,3,1,795,1143
45,2,0,3,1,1185,1200
45,1,0,3,1,1248,1401
45,3,1,3,1,1452,1671
45,4,0,3,1,1716,1734
45,3,0,3,1,1773,1902
45,1,0,3,1,1980,2085
45,3,1,3,1,2136,2391
45,4,0,3,1,2448,2460
45,3,0,3,1,2502,2619
45,1,0,3,1,2691,2778
45,0,0,3,1,2853,2916
45,3,1,3,1,3003,3306
45,5,1,3,1,3387,3618
45,3,1,3,1,3693,3978
45,1,1,3,1,4047,4230
45,3,1,3,1,4281,4497
45,5,1,3,1,4587,4785
45,3,1,3,1,4842,5088
45,1,1,3,1,5178,5367
45,3,1,3,1,5415,5637
45,4,0,3,1,5691,5712
45,3,0,3,1,5754,5844
45,1,0,3,1,5907,6030
45,0,0,3,1,6075,6102
45,3,1,3,1,6162,6369
45,5,1,3,1,6426,6573
45,3,1,3,1,6678,6852
45,1,1,3,1,6939,7155
45,3,1,3,1,7206,7416
45,5,1,3,1,7473,7620
45,3,1,3,1,7677,7914
45,1,1,3,1,7986,8157
45,3,1,3,1,8208,8421
45,5,1,3,1,8514,8676
45,3,1,3,1,8763,8997
45,1,1,3,1,9063,9225
45,0,0,3,1,9276,9354
45,3,1,3,1,9447,9648
45,5,1,3,1,9708,9852
45,3,1,3,1,9909,10116
45,1,1,3,1,10194,10371
45,3,1,3,1,10425,10575
45,5,1,3,1,10632,10758
45,3,1,3,1,10812,11034
45,1,1,3,1,11091,11271
46,3,1,3,1,0,54
46,1,1,3,1,141,318
46,3,1,3,1,378,429
46,5,1,3,1,492,678
46,4,0,3,1,759,777
46,3,1,3,1,825,1104
46,1,1,3,1,1164,1299
46,3,1,3,1,1356,1737
46,5,1,3,1,1794,1995
46,3,1,3,1,2052,2337
46,2,0,3,1,2415,2436
46,1,0,3,1,2481,2610
46,3,1,3,1,2658,2874
46,5,1,3,1,2931,3063
46,3,1,3,1,3120,3396
46,5,0,3,1,3483,3612
46,3,1,3,1,3672,3870
46,1,1,3,1,3936,4101
46,3,1,3,1,4167,4422
46,5,1,3,1,4476,4641
46,3,1,3,1,4692,4851
46,1,1,3,1,4908,5097
46,3,1,3,1,5148,5364
46,5,1,3,1,5418,5550
46,3,1,3,1,5601,5829
46,1,1,3,1,5889,6051
46,3,1,3,1,6108,6348
46,5,1,3,1,6402,6519
46,3,1,3,1,6573,6753
46,1,1,3,1,6810,7002
46,3,1,3,1,7053,7245
46,5,1,3,1,7299,7437
46,3,1,3,1,7488,7698
46,5,0,3,1,7755,7857
46,3,1,3,1,7911,8142
46,1,1,3,1,8211,8379
46,3,1,3,1,8430,8649
46,5,1,3,1,8703,8907
46,3,1,3,1,8961,9171
46,1,1,3,1,9234,9429
46,3,1,3,1,9480,9768
46,5,1,3,1,9825,10032
47,3,1,3,1,0,447
47,5,1,3,1,552,783
47,4,0,3,1,909,1041
47,3,1,3,1,1101,1494
47,0,0,3,1,1662,1788
47,1,0,3,1,1848,2088
47,3,1,3,1,2148,2601
47,5,1,3,1,2658,2835
47,3,1,3,1,2904,3141
47,1,1,3,1,3231,3438
47,3,1,3,1,3519,3768
47,5,1,3,1,3819,3942
47,3,1,3,1,3990,4170
47,1,1,3,1,4233,4386
47,3,1,3,1,4434,4656
47,5,1,3,1,4707,4827
47,3,1,3,1,4890,5082
47,1,1,3,1,5139,5280
47,3,1,3,1,5325,5520
47,5,1,3,1,5565,5676
47,3,1,3,1,5727,5886
47,1,1,3,1,5943,6093
47,3,1,3,1,6138,6345
47,5,1,3,1,6393,6489
47,3,1,3,1,6540,6714
47,1,1,3,1,6768,6903
47,3,1,3,1,6948,7152
47,5,1,3,1,7203,7317
47,4,0,3,1,7398,7413
47,3,1,3,1,7461,7587
47,0,0,3,1,7683,7701
47,3,0,3,1,7788,7917
47,5,0,3,1,7965,8040
47,3,1,3,1,8091,8241
47,1,1,3,1,8325,8469
47,3,1,3,1,8517,8700
47,5,1,3,1,8748,8883
47,3,1,3,1,8928,9072
47,1,1,3,1,9135,9288
47,3,1,3,1,9333,9513
47,5,1,3,1,9558,9651
47,3,1,3,1,9699,9861
47,1,1,3,1,9912,10059
47,3,1,3,1,10104,10275
47,5,1,3,1,10320,10416
47,3,1,3,1,10464,10629
47,1,1,3,1,10680,10809
47,3,1,3,1,10854,11028
47,5,1,3,1,11076,11169
47,3,1,3,1,11217,11418
47,1,1,3,1,11466,11682
47,3,1,3,1,11727,11925
47,5,1,3,1,11973,12081
47,3,1,3,1,12132,12327
47,1,1,3,1,12411,12576
47,3,1,3,1,12624,12822
47,5,1,3,1,12870,12987
47,3,1,3,1,13035,13227
47,1,1,3,1,13275,13452
47,3,1,3,1,13497,13653
47,5,1,3,1,13701,13803
47,3,1,3,1,13851,14037
47,1,1,3,1,14091,14268
47,3,1,3,1,14313,14484
47,5,1,3,1,14529,14661
47,3,1,3,1,14712,14883
47,5,0,3,1,14940,15003
47,3,1,3,1,15051,15288
47,1,1,3,1,15339,15474
47,3,1,3,1,15519,15735
47,5,1,3,1,15783,15879
47,3,1,3,1,15930,16077
47,1,1,3,1,16128,16296
47,3,1,3,1,16341,16536
47,5,1,3,1,16584,16731
47,3,1,3,1,16779,16974
47,1,1,3,1,17022,17181
47,3,1,3,1,17229,17406
47,5,1,3,1,17454,17550
47,3,1,3,1,17598,17811
47,1,1,3,1,17856,18048
47,3,1,3,1,18093,18297
47,5,1,3,1,18348,18456
47,3,1,3,1,18501,18711
47,1,1,3,1,18759,19194
48,3,1,3,1,0,297
48,5,1,3,1,405,579
48,3,1,3,1,663,882
48,1,1,3,1,942,1116
48,3,1,3,1,1167,1353
48,5,1,3,1,1407,1533
48,3,1,3,1,1584,1830
48,1,1,3,1,1884,2046
48,3,1,3,1,2094,2310
48,5,1,3,1,2361,2475
48,3,1,3,1,2526,2700
48,5,0,3,1,2751,2817
48,3,1,3,1,2874,3057
48,1,1,3,1,3108,3276
48,3,1,3,1,3324,3543
48,5,1,3,1,3591,3753
48,3,1,3,1,3804,3981
48,1,1,3,1,4032,4170
48,3,1,3,1,4218,4419
48,5,1,3,1,4467,4581
48,3,1,3,1,4632,4833
48,1,1,3,1,4884,5034
48,3,1,3,1,5082,5229
48,5,1,3,1,5277,5373
48,3,1,3,1,5430,5619
48,1,1,3,1,5670,5808
48,3,1,3,1,5856,5991
48,5,1,3,1,6039,6207
48,3,1,3,1,6258,6438
48,1,1,3,1,6483,6624
48,3,1,3,1,6672,6822
48,5,1,3,1,6873,6975
48,3,1,3,1,7026,7179
48,1,1,3,1,7227,7389
48,3,1,3,1,7437,7590
48,5,1,3,1,7641,7743
48,3,1,3,1,7794,7950
48,1,1,3,1,7998,8145
48,3,1,3,1,8193,8388
48,5,1,3,1,8439,8589
48,3,1,3,1,8640,8805
48,1,1,3,1,8853,9003
48,3,1,3,1,9054,9246
48,5,1,3,1,9297,9441
48,3,1,3,1,9489,9624
48,1,1,3,1,9675,9834
48,3,1,3,1,9882,10062
48,5,1,3,1,10119,10251
48,3,1,3,1,10302,10464
48,1,1,3,1,10512,10716
48,3,1,3,1,10767,10953
48,5,1,3,1,10998,11106
48,3,1,3,1,11157,11340
48,1,1,3,1,11388,11550
48,3,1,3,1,11598,11763
48,5,1,3,1,11811,11952
48,3,1,3,1,12003,12249
48,5,0,3,1,12297,12366
48,3,1,3,1,12417,12609
48,1,1,3,1,12693,12852
48,3,1,3,1,12903,13074
48,5,1,3,1,13125,13251
48,3,1,3,1,13302,13467
48,1,1,3,1,13518,13686
48,3,1,3,1,13734,13944
48,5,1,3,1,13992,14115
48,3,1,3,1,14166,14361
48,5,0,3,1,14412,14463
48,3,1,3,1,14514,14715
48,1,1,3,1,14766,14958
48,3,1,3,1,15006,15228
48,5,1,3,1,15282,15414
48,3,1,3,1,15462,15627
48,1,1,3,1,15675,15897
48,3,1,3,1,15948,16209
48,5,1,3,1,16269,16392
48,3,1,3,1,16443,16635
48,1,1,3,1,16686,16854
48,3,1,3,1,16905,17112
48,5,1,3,1,17166,17301
49,3,1,3,1,0,249
49,5,1,3,1,411,633
49,3,1,3,1,690,969
49,1,1,3,1,1023,1209
49,3,1,3,1,1281,1491
49,5,1,3,1,1557,1716
49,3,1,3,1,1767,2007
49,1,1,3,1,2055,2226
49,3,1,3,1,2277,2508
49,5,1,3,1,2562,2736
49,3,1,3,1,2784,3045
49,1,1,3,1,3096,3318
49,3,1,3,1,3366,3678
49,5,1,3,1,3732,3885
49,3,1,3,1,3936,4146
49,1,1,3,1,4194,4434
49,3,1,3,1,4482,4734
49,5,1,3,1,4785,4923
49,3,1,3,1,4968,5145
49,1,1,3,1,5193,5361
49,3,1,3,1,5409,5628
49,5,1,3,1,5679,5787
49,3,1,3,1,5835,6033
49,1,1,3,1,6081,6252
49,3,1,3,1,6309,6480
49,5,1,3,1,6534,6675
49,3,1,3,1,6723,6888
49,1,1,3,1,6936,7071
49,3,1,3,1,7119,7305
49,5,1,3,1,7359,7485
49,3,1,3,1,7533,7686
49,1,1,3,1,7734,7905
49,3,1,3,1,7956,8130
49,5,1,3,1,8181,8295
49,3,1,3,1,8343,8514
49,1,1,3,1,8562,8736
49,3,1,3,1,8784,8982
49,5,1,3,1,9033,9195
49,3,1,3,1,9243,9423
49,1,1,3,1,9471,9630
49,3,1,3,1,9681,9861
49,5,1,3,1,9912,10032
49,3,1,3,1,10143,10311
49,1,1,3,1,10356,10533
49,3,1,3,1,10605,10773
49,5,1,3,1,10824,10941
49,3,1,3,1,10989,11250
49,1,1,3,1,11298,11454
49,3,1,3,1,11502,11694
49,5,1,3,1,11745,11877
49,3,1,3,1,11931,12117
49,1,1,3,1,12165,12333
49,3,1,3,1,12384,12609
49,5,1,3,1,12660,12756
49,3,1,3,1,12804,12978
49,1,1,3,1,13026,13194
49,3,1,3,1,13245,13419
49,5,1,3,1,13626,13731
49,3,1,3,1,13815,14067
49,1,1,3,1,14127,14292
49,3,1,3,1,14346,14571
49,5,1,3,1,14625,14769
49,3,1,3,1,14817,15000
49,1,1,3,1,15048,15228
49,3,1,3,1,15279,15468
49,5,1,3,1,15522,15660
49,3,1,3,1,15708,15915
49,1,1,3,1,15963,16131
49,3,1,3,1,16182,16422
49,5,1,3,1,16476,16608
49,3,1,3,1,16656,16824
49,1,1,3,1,16872,17052
49,3,1,3,1,17106,17418
49,5,1,3,1,17469,17610
49,3,1,3,1,17658,17853
49,4,0,3,1,17931,17976
49,3,1,3,1,18024,18204
49,1,1,3,1,18252,18429
49,3,1,3,1,18477,18678
49,5,1,3,1,18729,19194
50,3,1,3,1,0,348
50,5,1,3,1,507,702
50,1,0,3,1,987,1404
50,3,1,3,1,1467,1863
50,5,1,3,1,1926,2106
50,3,1,3,1,2157,2379
50,1,1,3,1,2433,2616
50,3,1,3,1,2667,2892
50,5,1,3,1,2943,3072
50,3,1,3,1,3117,3348
50,1,1,3,1,3393,3555
50,3,1,3,1,3603,3852
50,5,1,3,1,3903,4026
50,3,1,3,1,4071,4248
50,1,1,3,1,4296,4446
50,3,1,3,1,4518,4737
50,5,1,3,1,4782,4917
50,3,1,3,1,4959,5133
50,1,1,3,1,5175,5337
50,3,1,3,1,5385,5568
50,5,1,3,1,5616,5739
50,3,1,3,1,5781,5955
50,1,1,3,1,5997,6180
50,3,1,3,1,6225,6414
50,5,1,3,1,6459,6585
50,3,1,3,1,6630,6780
50,1,1,3,1,6831,6966
50,3,1,3,1,7011,7251
50,5,1,3,1,7299,7419
50,3,1,3,1,7461,7611
50,1,1,3,1,7656,7830
50,3,1,3,1,7875,8052
50,5,1,3,1,8100,8340
50,3,1,3,1,8385,8529
50,1,1,3,1,8574,8718
50,0,0,3,1,8778,8910
50,2,0,3,1,8964,8979
50,3,1,3,1,9018,9252
50,5,1,3,1,9297,9411
50,3,1,3,1,9456,9615
50,1,1,3,1,9666,9810
50,3,1,3,1,9855,9990
50,5,1,3,1,10035,10140
50,3,1,3,1,10197,10332
50,1,1,3,1,10377,10554
50,3,1,3,1,10596,10728
50,5,1,3,1,10773,10893
50,3,1,3,1,10935,11064
50,1,1,3,1,11109,11250
50,3,1,3,1,11292,11439
50,5,1,3,1,11484,11583
50,3,1,3,1,11628,11763
50,1,1,3,1,11808,12156
50,3,1,3,1,12204,12393
50,5,1,3,1,12444,12579
50,3,1,3,1,12624,12783
50,1,1,3,1,12828,13053
50,3,1,3,1,13107,13275
50,5,1,3,1,13320,13464
50,3,1,3,1,13506,13698
50,1,1,3,1,13743,13929
50,3,1,3,1,13977,14130
50,5,1,3,1,14178,14337
50,3,1,3,1,14382,14505
50,1,1,3,1,14550,14721
50,3,1,3,1,14766,14916
50,5,1,3,1,14964,15108
50,4,0,3,1,15162,15264
50,3,1,3,1,15336,15513
50,1,1,3,1,15564,15711
50,3,1,3,1,15756,15915
50,5,1,3,1,15963,16095
50,3,1,3,1,16140,16326
50,1,1,3,1,16374,16539
50,3,1,3,1,16584,16746
50,5,1,3,1,16794,16902
50,3,1,3,1,16950,17091
50,1,1,3,1,17136,17304
50,3,1,3,1,17349,17565
50,5,1,3,1,17610,17718
50,3,1,3,1,17766,17919
50,1,1,3,1,17964,18141
50,3,1,3,1,18186,18369
50,5,1,3,1,18417,18546
51,3,1,3,1,0,237
51,5,1,3,1,303,450
51,3,1,3,1,498,678
51,1,1,3,1,729,978
51,3,1,3,1,1029,1341
51,5,1,3,1,1386,1512
51,3,1,3,1,1557,1815
51,1,1,3,1,1863,2034
51,3,1,3,1,2079,2277
51,5,1,3,1,2322,2436
51,3,1,3,1,2481,2724
51,1,1,3,1,2769,2958
51,3,1,3,1,3003,3189
51,5,1,3,1,3237,3348
51,3,1,3,1,3393,3555
51,1,1,3,1,3603,3759
51,3,1,3,1,3810,4032
51,5,1,3,1,4101,4224
51,3,1,3,1,4272,4398
51,1,1,3,1,4440,4626
51,3,1,3,1,4674,4827
51,5,1,3,1,4875,4995
51,3,1,3,1,5040,5214
51,1,1,3,1,5262,5427
51,3,1,3,1,5475,5634
51,5,1,3,1,5682,5808
51,3,1,3,1,5853,6048
51,1,1,3,1,6093,6255
51,3,1,3,1,6303,6498
51,5,1,3,1,6546,6687
51,3,1,3,1,6732,6903
51,5,0,3,1,6966,7020
51,3,1,3,1,7068,7239
51,1,1,3,1,7287,7458
51,3,1,3,1,7506,7671
51,5,1,3,1,7719,7854
51,3,1,3,1,7902,8067
51,1,1,3,1,8112,8295
51,3,1,3,1,8346,8523
51,5,1,3,1,8574,8709
51,3,1,3,1,8754,8925
51,1,1,3,1,8973,9138
51,3,1,3,1,9186,9372
51,5,1,3,1,9420,9537
51,3,1,3,1,9585,9735
51,1,1,3,1,9783,9951
51,3,1,3,1,9999,10173
51,5,1,3,1,10224,10365
51,3,1,3,1,10413,10563
51,1,1,3,1,10608,10815
51,3,1,3,1,10863,11076
51,5,1,3,1,11127,11262
51,3,1,3,1,11313,11463
51,1,1,3,1,11511,11688
51,3,1,3,1,11739,11961
51,5,1,3,1,12009,12204
51,3,1,3,1,12252,12441
51,1,1,3,1,12489,12672
51,3,1,3,1,12720,12942
51,5,1,3,1,12990,13158
51,3,1,3,1,13209,13392
51,1,1,3,1,13443,13650
51,3,1,3,1,13698,13905
51,5,1,3,1,13953,14082
51,3,1,3,1,14130,14292
51,1,1,3,1,14340,14505
51,3,1,3,1,14556,14751
51,5,1,3,1,14805,14931
51,3,1,3,1,14979,15123
51,1,1,3,1,15171,15351
51,3,1,3,1,15399,15636
51,5,1,3,1,15687,15807
51,3,1,3,1,15858,16050
51,1,1,3,1,16107,16263
51,3,1,3,1,16314,16524
51,5,1,3,1,16575,16698
51,3,1,3,1,16749,16908
51,1,1,3,1,16956,17166
51,3,1,3,1,17217,17367
51,5,1,3,1,17421,17850
52,3,1,3,1,0,159
52,5,1,3,1,267,432
52,3,1,3,1,489,711
52,1,1,3,1,765,936
52,3,1,3,1,987,1248
52,5,1,3,1,1299,1434
52,3,1,3,1,1482,1680
52,1,1,3,1,1728,1938
52,3,1,3,1,1986,2253
52,5,1,3,1,2304,2424
52,3,1,3,1,2475,2658
52,1,1,3,1,2706,2892
52,3,1,3,1,2943,3216
52,5,1,3,1,3267,3381
52,3,1,3,1,3426,3570
52,1,1,3,1,3618,3759
52,3,1,3,1,3816,4008
52,5,1,3,1,4059,4197
52,3,1,3,1,4245,4413
52,1,1,3,1,4458,4671
52,3,1,3,1,4719,4929
52,5,1,3,1,4980,5112
52,3,1,3,1,5160,5361
52,1,1,3,1,5409,5589
52,3,1,3,1,5640,5886
52,5,1,3,1,5937,6054
52,3,1,3,1,6102,6225
52,1,1,3,1,6273,6420
52,3,1,3,1,6471,6606
52,5,1,3,1,6657,6771
52,3,1,3,1,6822,6972
52,1,1,3,1,7020,7203
52,3,1,3,1,7254,7443
52,5,1,3,1,7494,7605
52,3,1,3,1,7653,7809
52,1,1,3,1,7860,8079
52,3,1,3,1,8133,8313
52,5,1,3,1,8364,8484
52,3,1,3,1,8532,8691
52,1,1,3,1,8742,8901
52,3,1,3,1,8952,9153
52,5,1,3,1,9204,9309
52,3,1,3,1,9363,9573
52,1,1,3,1,9621,9783
52,3,1,3,1,9834,10053
52,5,1,3,1,10104,10251
52,3,1,3,1,10299,10485
52,1,1,3,1,10542,10719
52,3,1,3,1,10773,10992
52,5,1,3,1,11061,11175
52,3,1,3,1,11226,11379
52,1,1,3,1,11430,11625
52,3,1,3,1,11676,11874
52,5,1,3,1,11928,12036
52,3,1,3,1,12087,12252
52,1,1,3,1,12303,12456
52,3,1,3,1,12513,12702
52,5,1,3,1,12756,12882
52,3,1,3,1,12933,13077
52,1,1,3,1,13131,13317
52,3,1,3,1,13368,13539
52,5,1,3,1,13593,13734
52,3,1,3,1,13782,13950
52,1,1,3,1,14001,14217
52,3,1,3,1,14271,14505
52,5,1,3,1,14559,14694
52,3,1,3,1,14748,14904
52,1,1,3,1,14955,15135
52,3,1,3,1,15192,15411
52,5,1,3,1,15465,15639
52,3,1,3,1,15690,15888
52,1,1,3,1,15939,16170
52,3,1,3,1,16224,16425
52,5,1,3,1,16482,16611
52,3,1,3,1,16665,16851
52,1,1,3,1,16905,17067
52,3,1,3,1,17127,17340
52,5,1,3,1,17394,17517
52,3,1,3,1,17577,17781
52,1,1,3,1,17835,18060
53,3,0,2,1,0,87
53,5,0,2,1,210,234
53,3,0,2,1,309,381
53,1,0,2,1,438,654
53,3,0,2,1,714,762
53,5,0,2,1,819,834
53,1,0,2,1,924,1053
53,3,0,2,1,1329,1479
53,1,0,2,1,1530,1629
53,3,0,2,1,1725,1761
53,4,0,2,1,1992,2103
53,3,0,2,1,2145,2331
53,1,0,2,1,2379,2604
53,0,0,2,1,2679,2721
53,2,1,2,1,2850,2961
53,3,1,2,1,3015,3036
53,5,0,2,1,3105,3120
53,1,0,2,1,3327,3444
53,3,0,2,1,3579,3828
53,1,0,2,1,3882,3942
53,3,0,2,1,3996,4155
53,1,0,2,1,4245,4419
53,0,0,2,1,4491,4506
53,3,0,2,1,4590,4641
53,1,0,2,1,4857,4926
53,3,0,2,1,5001,5019
53,5,0,2,1,5172,5313
53,3,0,2,1,5370,5409
53,1,0,2,1,5466,5604
53,3,0,2,1,5688,5721
53,5,0,2,1,5853,6171
53,2,1,2,1,6249,6453
53,1,1,2,1,6501,6942
53,3,0,2,1,7020,7104
53,5,0,2,1,7167,7194
53,3,0,2,1,7248,7263
53,1,0,2,1,7314,7470
53,0,0,2,1,7638,7806
53,1,0,2,1,7917,7968
53,3,0,2,1,8052,8094
53,1,0,2,1,8181,8340
53,0,0,2,1,8388,9144
53,1,0,2,1,9186,9315
53,2,1,2,1,9360,10650
53,3,1,2,1,10710,11073
53,2,1,2,1,11118,11196
53,1,1,2,1,11241,11709
53,3,0,2,1,11787,11913
53,5,0,2,1,11997,12024
53,3,0,2,1,12078,12114
53,2,1,2,1,12159,12255
53,1,1,2,1,12294,12495
53,0,0,2,1,12549,12699
53,1,0,2,1,12747,12891
53,2,1,2,1,12933,13005
53,3,1,2,1,13047,13392
53,5,0,2,1,13500,13548
53,3,0,2,1,13596,13641
53,1,0,2,1,13689,13929
53,3,0,2,1,13980,14028
53,2,1,2,1,14112,14247
53,1,1,2,1,14298,14721
53,2,1,2,1,14766,14850
53,3,1,2,1,14892,15261
53,4,0,2,1,15327,15510
53,3,0,2,1,15555,15654
53,2,1,2,1,15693,15750
53,1,1,2,1,15792,16179
53,2,1,2,1,16227,16284
53,3,1,2,1,16326,16593
53,5,0,2,1,16689,16779
53,3,0,2,1,16830,16890
53,2,1,2,1,16926,17034
53,0,0,2,1,17130,17199
53,1,0,2,1,17259,17442
53,2,1,2,1,17484,18279
53,3,1,2,1,18342,18699
53,2,1,2,1,18744,18834
53,1,1,2,1,18879,19161
53,2,1,2,1,19206,19278
53,3,1,2,1,19320,19797
53,2,1,2,1,19836,19884
53,1,1,2,1,19926,20301
53,2,1,2,1,20343,20394
53,3,1,2,1,20439,20688
53,2,1,2,1,20733,20826
53,1,1,2,1,20865,21147
53,2,1,2,1,21189,21240
53,3,1,2,1,21285,21567
53,2,1,2,1,21609,21663
53,1,1,2,1,21705,22056
53,2,1,2,1,22095,22143
53,3,1,2,1,22185,22410
54,3,0,2,1,0,99
54,2,1,2,1,153,354
54,1,1,2,1,441,759
54,2,1,2,1,816,1062
54,3,1,2,1,1107,1500
54,2,1,2,1,1539,1767
54,1,1,2,1,1818,2067
54,2,1,2,1,2109,2319
54,3,1,2,1,2358,2565
54,2,1,2,1,2610,2802
54,1,1,2,1,2847,3144
54,2,1,2,1,3183,3423
54,3,1,2,1,3465,3663
54,2,1,2,1,3708,3915
54,1,1,2,1,3951,4182
54,2,1,2,1,4227,4416
54,3,1,2,1,4455,4671
54,2,1,2,1,4710,4902
54,1,1,2,1,4938,5115
54,0,0,2,1,5154,5232
54,1,0,2,1,5271,5397
54,2,1,2,1,5433,5598
54,3,1,2,1,5634,5841
54,2,1,2,1,5898,6084
54,1,1,2,1,6123,6291
54,2,1,2,1,6330,6498
54,3,1,2,1,6540,6765
54,2,1,2,1,6801,6969
54,1,1,2,1,7008,7182
54,2,1,2,1,7224,7407
54,3,1,2,1,7446,7611
54,2,1,2,1,7650,7830
54,1,1,2,1,7869,8067
54,2,1,2,1,8109,8295
54,3,1,2,1,8334,8502
54,2,1,2,1,8544,8745
54,1,1,2,1,8784,8985
54,2,1,2,1,9027,9186
54,3,1,2,1,9225,9405
54,2,1,2,1,9444,9600
54,1,1,2,1,9636,9864
54,2,1,2,1,9903,10074
54,3,1,2,1,10113,11067
55,3,0,2,1,0,81
55,2,1,2,1,129,285
55,1,1,2,1,330,459
55,0,0,2,1,579,597
55,1,0,2,1,666,834
55,2,1,2,1,876,1086
55,3,1,2,1,1125,1299
55,2,1,2,1,1353,1542
55,1,1,2,1,1581,1812
55,2,1,2,1,1857,2037
55,3,1,2,1,2079,2214
55,2,1,2,1,2259,2418
55,1,1,2,1,2457,2664
55,2,1,2,1,2703,2892
55,3,1,2,1,2934,3111
55,2,1,2,1,3153,3312
55,1,1,2,1,3348,3588
55,2,1,2,1,3633,3780
55,3,1,2,1,3819,4008
55,2,1,2,1,4053,4221
55,1,1,2,1,4257,4446
55,2,1,2,1,4488,4665
55,3,1,2,1,4704,4890
55,2,1,2,1,4929,5088
55,1,1,2,1,5124,5253
55,3,0,2,1,5304,5406
55,2,1,2,1,5448,5613
55,1,1,2,1,5649,5847
55,2,1,2,1,5883,6045
55,3,1,2,1,6081,6273
55,2,1,2,1,6312,6465
55,1,1,2,1,6501,6660
55,2,1,2,1,6702,6858
55,3,1,2,1,6897,7062
55,2,1,2,1,7101,7257
55,1,1,2,1,7293,7461
55,2,1,2,1,7500,7692
55,3,1,2,1,7731,7911
55,2,1,2,1,7959,8100
55,3,0,2,1,8142,8220
55,2,1,2,1,8259,8448
55,1,1,2,1,8487,8685
55,2,1,2,1,8727,8892
55,3,1,2,1,8931,9093
56,3,0,2,1,0,102
56,2,1,2,1,165,402
56,1,1,2,1,450,741
56,2,1,2,1,789,1014
56,3,1,2,1,1056,1278
56,2,1,2,1,1332,1530
56,1,1,2,1,1572,1797
56,2,1,2,1,1842,2031
56,3,1,2,1,2073,2217
56,2,1,2,1,2259,2442
56,1,1,2,1,2478,2634
56,2,1,2,1,2676,2826
56,3,1,2,1,2865,3024
56,2,1,2,1,3069,3234
56,1,1,2,1,3273,3423
56,2,1,2,1,3483,3651
56,3,1,2,1,3690,3816
56,2,1,2,1,3855,3966
56,1,1,2,1,4002,4134
56,2,1,2,1,4179,4344
56,3,1,2,1,4383,4557
56,2,1,2,1,4596,4731
56,1,1,2,1,4767,4911
56,3,0,2,1,4971,5058
56,2,1,2,1,5103,5250
56,3,0,2,1,5295,5346
56,2,1,2,1,5397,5547
56,1,1,2,1,5583,5796
56,2,1,2,1,5838,5997
56,3,1,2,1,6036,6183
56,2,1,2,1,6219,6366
56,1,1,2,1,6405,6555
56,2,1,2,1,6594,6759
56,3,1,2,1,6798,6945
56,2,1,2,1,6984,7125
56,1,1,2,1,7161,7296
56,3,0,2,1,7350,7437
56,2,1,2,1,7479,7614
56,1,1,2,1,7650,7842
56,3,0,2,1,7896,7947
56,2,1,2,1,7986,8136
56,1,1,2,1,8175,8403
56,2,1,2,1,8442,8595
56,3,1,2,1,8631,8763
56,2,1,2,1,8802,8925
56,1,1,2,1,8961,9168
56,2,1,2,1,9207,9375
56,3,1,2,1,9414,9570
56,2,1,2,1,9630,9774
56,1,1,2,1,9810,9939
56,2,1,2,1,9981,10161
56,3,1,2,1,10200,10440
56,2,1,2,1,10482,10665
56,1,1,2,1,10704,10863
56,2,1,2,1,10905,11043
56,3,1,2,1,11082,11247
56,2,1,2,1,11286,11424
56,1,1,2,1,11463,11679
56,2,1,2,1,11721,11886
56,3,1,2,1,11934,12081
56,2,1,2,1,12117,12270
56,1,1,2,1,12309,12453
56,2,1,2,1,12492,12660
56,3,1,2,1,12702,12834
56,2,1,2,1,12873,12999
56,1,1,2,1,13038,13200
56,2,1,2,1,13239,13401
56,3,1,2,1,13440,13593
56,2,1,2,1,13635,13788
56,1,1,2,1,13824,13998
56,2,1,2,1,14040,14211
56,3,1,2,1,14250,14391
56,2,1,2,1,14430,14595
56,1,1,2,1,14634,14775
56,2,1,2,1,14814,14967
56,3,1,2,1,15009,15153
56,2,1,2,1,15192,15369
56,1,1,2,1,15408,15570
56,2,1,2,1,15654,15828
56,3,1,2,1,15870,16095
56,2,1,2,1,16131,16278
56,1,1,2,1,16314,16485
56,2,1,2,1,16530,16716
56,3,1,2,1,16758,17418
57,2,1,2,1,0,225
57,1,1,2,1,276,441
57,2,1,2,1,486,693
57,3,1,2,1,735,906
57,2,1,2,1,954,1128
57,1,1,2,1,1167,1344
57,3,0,2,1,1443,1524
57,2,1,2,1,1566,1707
57,1,1,2,1,1743,1926
57,2,1,2,1,1989,2160
57,3,1,2,1,2199,2346
57,2,1,2,1,2388,2541
57,1,1,2,1,2577,2760
57,2,1,2,1,2802,2949
57,3,1,2,1,2988,3126
57,2,1,2,1,3165,3300
57,1,1,2,1,3336,3492
57,2,1,2,1,3546,3705
57,3,1,2,1,3744,3906
57,2,1,2,1,3948,4101
57,3,0,2,1,4146,4206
57,2,1,2,1,4290,4455
57,3,0,2,1,4560,4701
57,2,1,2,1,4740,4881
57,1,1,2,1,5013,5175
57,2,1,2,1,5214,5382
57,3,1,2,1,5421,5574
57,2,1,2,1,5610,5730
57,1,1,2,1,5766,5880
57,3,0,2,1,5940,5997
57,2,1,2,1,6039,6159
57,1,1,2,1,6195,6336
57,2,1,2,1,6375,6522
57,3,1,2,1,6558,6798
57,2,1,2,1,6963,7131
57,1,1,2,1,7167,7341
57,2,1,2,1,7383,7533
57,3,1,2,1,7569,7710
57,2,1,2,1,7764,7923
57,3,0,2,1,7965,8043
57,2,1,2,1,8085,8226
57,1,1,2,1,8262,8430
57,2,1,2,1,8469,8607
57,3,1,2,1,8649,8799
57,2,1,2,1,8841,8997
57,1,1,2,1,9033,9195
57,2,1,2,1,9234,9372
57,3,1,2,1,9411,9558
57,2,1,2,1,9600,9738
57,1,1,2,1,9774,9909
57,3,0,2,1,9972,10050
57,2,1,2,1,10092,10251
57,1,1,2,1,10290,10464
57,2,1,2,1,10503,10656
57,3,1,2,1,10698,10839
57,2,1,2,1,10878,11028
57,1,1,2,1,11067,11187
57,2,1,2,1,11229,11385
57,3,1,2,1,11427,11604
57,2,1,2,1,11643,11811
57,1,1,2,1,11847,12027
57,2,1,2,1,12066,12216
57,3,1,2,1,12258,12414
57,2,1,2,1,12456,12639
57,3,0,2,1,12678,12741
57,2,1,2,1,12780,12930
57,1,1,2,1,12969,13158
57,2,1,2,1,13224,13377
57,3,1,2,1,13422,13584
57,2,1,2,1,13626,13806
57,1,1,2,1,13845,14016
57,2,1,2,1,14061,14223
57,3,1,2,1,14265,14448
57,2,1,2,1,14490,14625
57,1,1,2,1,14664,14883
57,2,1,2,1,14925,15117
57,3,1,2,1,15159,15282
57,2,1,2,1,15330,15528
57,1,1,2,1,15570,15750
57,2,1,2,1,15792,15942
57,3,1,2,1,15984,16173
57,2,1,2,1,16251,16389
57,1,1,2,1,16431,16695
58,3,0,2,1,0,141
58,2,1,2,1,189,333
58,1,1,2,1,372,513
58,2,1,2,1,555,729
58,3,1,2,1,768,927
58,2,1,2,1,972,1149
58,1,1,2,1,1185,1371
58,2,1,2,1,1413,1584
58,3,1,2,1,1629,1782
58,2,1,2,1,1824,1992
58,1,1,2,1,2031,2178
58,2,1,2,1,2217,2358
58,3,1,2,1,2397,2541
58,2,1,2,1,2580,2778
58,1,1,2,1,2814,2976
58,2,1,2,1,3018,3183
58,3,1,2,1,3219,3369
58,2,1,2,1,3411,3564
58,1,1,2,1,3603,3762
58,2,1,2,1,3801,3978
58,3,1,2,1,4014,4140
58,2,1,2,1,4179,4320
58,1,1,2,1,4353,4506
58,2,1,2,1,4548,4713
58,3,1,2,1,4752,4917
58,2,1,2,1,4956,5100
58,1,1,2,1,5136,5283
58,2,1,2,1,5322,5496
58,3,1,2,1,5535,5691
58,2,1,2,1,5730,5898
58,1,1,2,1,5934,6105
58,2,1,2,1,6144,6309
58,3,1,2,1,6348,6483
58,2,1,2,1,6522,6696
58,1,1,2,1,6735,6885
58,2,1,2,1,6924,7089
58,3,1,2,1,7128,7266
58,2,1,2,1,7308,7503
58,1,1,2,1,7542,7728
58,2,1,2,1,7767,7926
58,3,1,2,1,7962,8133
58,2,1,2,1,8172,8325
58,1,1,2,1,8364,8559
58,2,1,2,1,8598,8781
58,3,1,2,1,8820,8988
58,2,1,2,1,9027,9201
58,1,1,2,1,9240,9435
58,2,1,2,1,9474,9636
58,3,1,2,1,9678,9834
58,2,1,2,1,9876,10083
58,1,1,2,1,10122,10275
58,2,1,2,1,10320,10758
58,3,1,2,1,10839,11127
58,2,1,2,1,11172,11427
58,1,1,2,1,11487,11694
58,2,1,2,1,11739,11910
58,3,1,2,1,11952,12126
58,2,1,2,1,12168,12474
58,1,1,2,1,12516,12738
58,2,1,2,1,12780,12945
58,3,1,2,1,12987,13152
58,2,1,2,1,13194,13398
58,1,1,2,1,13443,13689
58,2,1,2,1,13731,13959
58,3,1,2,1,14001,14223
58,2,1,2,1,14265,14538
58,1,1,2,1,14580,14937
58,2,1,2,1,14994,15177
58,3,1,2,1,15219,15408
58,2,1,2,1,15450,15654
58,1,1,2,1,15699,15927
58,2,1,2,1,15966,16158
58,3,1,2,1,16200,16356
58,2,1,2,1,16398,16593
58,3,0,2,1,16641,16689
58,2,1,2,1,16734,16908
58,1,1,2,1,16950,17145
58,2,1,2,1,17187,17340
58,3,1,2,1,17382,17517
58,2,1,2,1,17559,17772
58,1,1,2,1,17811,18000
59,3,0,4,3,0,87
59,2,0,4,3,168,186
59,1,0,4,3,255,282
59,5,0,4,3,552,708
59,4,1,4,3,861,1269
59,3,1,4,3,1338,1446
59,0,0,4,3,1569,1614
59,5,0,4,3,1749,1830
59,4,1,4,3,1962,2223
59,3,1,4,3,2292,2457
59,2,0,4,3,2505,2517
59,5,0,4,3,2646,2709
59,4,1,4,3,2754,2997
59,3,1,4,3,3057,3462
59,4,1,4,3,3513,3663
59,5,1,4,3,3714,3834
59,4,1,4,3,3879,4035
59,3,1,4,3,4074,4254
59,5,0,4,3,4368,4425
59,4,1,4,3,4464,4608
59,3,1,4,3,4725,4893
59,5,0,4,3,4944,5043
59,4,1,4,3,5079,5250
59,3,1,4,3,5286,5589
59,5,0,4,3,5640,5694
59,4,1,4,3,5736,5904
59,3,1,4,3,5943,6087
59,5,0,4,3,6144,6195
59,4,1,4,3,6234,6441
59,3,1,4,3,6498,6654
59,0,0,4,3,6828,6849
59,3,0,4,3,6909,6972
59,5,0,4,3,7023,7086
59,4,1,4,3,7125,7257
59,3,1,4,3,7293,7473
59,2,0,4,3,7545,7611
59,3,0,4,3,7653,7704
59,5,0,4,3,7761,7854
59,4,1,4,3,7896,8040
59,3,1,4,3,8079,8331
59,4,1,4,3,8376,8583
59,5,1,4,3,8634,8808
59,4,1,4,3,8853,9015
59,3,1,4,3,9057,9192
59,5,0,4,3,9252,9336
59,4,1,4,3,9372,9519
59,3,1,4,3,9558,9696
59,5,0,4,3,9750,9807
59,4,1,4,3,9852,10005
59,3,1,4,3,10044,10212
59,4,1,4,3,10269,10446
59,5,1,4,3,10491,10641
59,4,1,4,3,10683,10884
59,3,1,4,3,10923,11085
59,5,0,4,3,11139,11214
59,4,1,4,3,11253,11400
59,3,1,4,3,11442,11586
59,5,0,4,3,11643,11706
59,4,1,4,3,11745,11877
59,3,1,4,3,11916,12057
59,4,1,4,3,12102,12276
59,5,1,4,3,12321,12726
60,3,0,4,3,0,51
60,5,0,4,3,177,252
60,4,1,4,3,315,468
60,3,1,4,3,513,738
60,4,1,4,3,795,1041
60,5,1,4,3,1086,1203
60,4,1,4,3,1248,1410
60,3,1,4,3,1452,1617
60,4,1,4,3,1668,1845
60,5,1,4,3,1890,2043
60,4,1,4,3,2085,2244
60,3,1,4,3,2301,2460
60,4,1,4,3,2556,2721
60,5,1,4,3,2766,2907
60,4,1,4,3,2955,3096
60,3,1,4,3,3138,3300
60,4,1,4,3,3348,3513
60,5,1,4,3,3555,3699
60,4,1,4,3,3741,3894
60,3,1,4,3,3936,4071
60,4,1,4,3,4113,4269
60,5,1,4,3,4311,4464
60,4,1,4,3,4503,4650
60,3,1,4,3,4695,4839
60,4,1,4,3,4881,5025
60,5,1,4,3,5067,5199
60,4,1,4,3,5238,5391
60,3,1,4,3,5433,5562
60,4,1,4,3,5607,5778
60,5,1,4,3,5820,5955
60,4,1,4,3,5997,6129
60,3,1,4,3,6171,6309
60,4,1,4,3,6357,6504
60,5,1,4,3,6549,6678
60,4,1,4,3,6723,6870
60,3,1,4,3,6912,7086
60,4,1,4,3,7137,7284
60,5,1,4,3,7326,7491
60,4,1,4,3,7533,7665
60,3,1,4,3,7710,7869
60,4,1,4,3,7920,8067
60,5,1,4,3,8112,8406
61,3,0,4,3,0,84
61,4,1,4,3,138,291
61,5,1,4,3,333,483
61,4,1,4,3,525,756
61,3,1,4,3,801,1014
61,4,1,4,3,1062,1173
61,5,1,4,3,1263,1419
61,4,1,4,3,1458,1614
61,3,1,4,3,1677,1809
61,4,1,4,3,1959,2091
61,5,1,4,3,2133,2295
61,4,1,4,3,2340,2502
61,5,0,4,3,2547,2592
61,4,1,4,3,2634,2751
61,3,1,4,3,2817,2943
61,4,1,4,3,3084,3222
61,5,1,4,3,3267,3396
61,4,1,4,3,3504,3627
61,3,1,4,3,3675,3801
61,4,1,4,3,3846,3975
61,5,1,4,3,4017,4122
61,4,1,4,3,4164,4296
61,3,1,4,3,4338,4476
61,4,1,4,3,4518,4653
61,5,1,4,3,4692,4818
61,4,1,4,3,4860,4983
61,3,1,4,3,5028,5148
61,4,1,4,3,5187,5325
61,5,1,4,3,5364,5481
61,4,1,4,3,5520,5649
61,3,1,4,3,5694,5820
61,4,1,4,3,5859,6003
61,5,1,4,3,6042,6183
61,4,1,4,3,6222,6492
61,3,1,4,3,6543,6873
61,4,1,4,3,6915,7068
61,3,0,4,3,7128,7212
61,4,1,4,3,7299,7458
61,3,0,4,3,7509,7623
61,4,1,4,3,7668,7821
61,5,1,4,3,7863,8274
62,3,0,4,3,0,54
62,5,0,4,3,228,294
62,4,1,4,3,351,507
62,3,1,4,3,591,1287
62,4,1,4,3,1329,1494
62,5,1,4,3,1536,1725
62,4,1,4,3,1764,1914
62,3,1,4,3,1953,2094
62,4,1,4,3,2184,2307
62,5,1,4,3,2352,2538
62,4,1,4,3,2574,2715
62,3,1,4,3,2757,2937
62,4,1,4,3,2982,3096
62,5,1,4,3,3138,3297
62,4,1,4,3,3336,3480
62,3,1,4,3,3519,3648
62,4,1,4,3,3696,3846
62,5,1,4,3,3885,4059
62,4,1,4,3,4098,4251
62,3,1,4,3,4296,4437
62,4,1,4,3,4479,4698
62,5,1,4,3,4740,4911
62,4,1,4,3,4950,5106
62,3,1,4,3,5148,5334
62,4,1,4,3,5373,5520
62,5,1,4,3,5559,5730
62,4,1,4,3,5766,5940
62,3,1,4,3,5979,6126
62,4,1,4,3,6168,6333
62,5,1,4,3,6372,6531
62,4,1,4,3,6570,6735
62,3,1,4,3,6771,6948
62,4,1,4,3,6990,7191
62,5,1,4,3,7233,7428
62,4,1,4,3,7467,7617
62,3,1,4,3,7659,7806
62,4,1,4,3,7848,8007
62,5,1,4,3,8046,8190
62,4,1,4,3,8229,8379
62,3,1,4,3,8418,8577
62,4,1,4,3,8616,8775
62,5,1,4,3,8814,9000
62,4,1,4,3,9036,9195
62,3,1,4,3,9234,9387
62,4,1,4,3,9426,9591
62,5,1,4,3,9633,9801
62,4,1,4,3,9840,10026
62,3,1,4,3,10068,10224
62,4,1,4,3,10266,10449
62,5,1,4,3,10491,10680
62,4,1,4,3,10716,10818
62,3,1,4,3,10857,11004
62,4,1,4,3,11049,11208
62,5,1,4,3,11250,11427
62,4,1,4,3,11472,11634
62,3,1,4,3,11673,11826
62,4,1,4,3,11868,11994
62,5,1,4,3,12039,12195
62,4,1,4,3,12237,12402
62,3,1,4,3,12444,12564
62,4,1,4,3,12603,12759
62,5,1,4,3,12804,13005
62,4,1,4,3,13044,13209
62,3,1,4,3,13356,13506
62,4,1,4,3,13545,13659
62,5,1,4,3,13701,13881
62,4,1,4,3,13917,14061
62,3,1,4,3,14103,14310
62,4,1,4,3,14352,14499
62,5,1,4,3,14541,14700
62,4,1,4,3,14739,14856
62,3,1,4,3,14895,15024
62,4,1,4,3,15066,15213
62,5,1,4,3,15255,15417
62,4,1,4,3,15456,15633
62,3,1,4,3,15672,15822
62,4,1,4,3,15861,16038
62,5,1,4,3,16080,16251
62,4,1,4,3,16293,16407
62,3,1,4,3,16446,16587
62,4,1,4,3,16626,16785
62,5,1,4,3,16827,16989
63,3,0,4,3,0,99
63,4,1,4,3,195,315
63,5,1,4,3,393,510
63,4,1,4,3,555,732
63,3,1,4,3,774,957
63,4,1,4,3,1008,1131
63,5,1,4,3,1191,1332
63,4,1,4,3,1374,1527
63,3,1,4,3,1569,1716
63,4,1,4,3,1758,1893
63,5,1,4,3,1941,2100
63,4,1,4,3,2136,2298
63,3,1,4,3,2337,2484
63,4,1,4,3,2529,2685
63,5,1,4,3,2724,2856
63,4,1,4,3,2895,3036
63,3,1,4,3,3078,3234
63,4,1,4,3,3276,3435
63,5,1,4,3,3477,3630
63,4,1,4,3,3669,3822
63,3,1,4,3,3864,4023
63,4,1,4,3,4068,4182
63,5,1,4,3,4245,4344
63,4,1,4,3,4383,4530
63,3,1,4,3,4572,4707
63,4,1,4,3,4752,4902
63,5,1,4,3,4944,5112
63,4,1,4,3,5154,5310
63,3,1,4,3,5373,5577
63,4,1,4,3,5628,5787
63,5,1,4,3,5829,5955
63,4,1,4,3,5994,6171
63,3,1,4,3,6231,6363
63,4,1,4,3,6513,6699
63,5,1,4,3,6744,6888
63,4,1,4,3,7023,7176
63,5,0,4,3,7233,7326
63,4,1,4,3,7365,7530
63,3,1,4,3,7572,7728
63,4,1,4,3,7773,7974
63,5,1,4,3,8019,8133
63,4,1,4,3,8184,8307
63,3,1,4,3,8346,8448
63,4,1,4,3,8487,8622
63,5,1,4,3,8667,8796
63,4,1,4,3,8949,9039
63,3,1,4,3,9078,9231
63,4,1,4,3,9288,9447
63,5,1,4,3,9486,9630
63,4,1,4,3,9669,9825
63,3,1,4,3,9867,10032
63,4,1,4,3,10071,10233
63,5,1,4,3,10275,10389
63,4,1,4,3,10428,10563
63,3,1,4,3,10602,10722
63,4,1,4,3,10764,10920
63,5,1,4,3,10965,11118
63,4,1,4,3,11157,11292
63,3,1,4,3,11331,11472
63,4,1,4,3,11547,11706
63,5,1,4,3,11751,11853
63,4,1,4,3,11898,12051
63,3,1,4,3,12093,12246
63,4,1,4,3,12291,12420
63,5,1,4,3,12465,12612
63,4,1,4,3,12654,12813
63,3,1,4,3,12858,13008
63,4,1,4,3,13053,13197
63,5,1,4,3,13242,13341
63,4,1,4,3,13383,13548
63,3,1,4,3,13590,13731
63,4,1,4,3,13776,13944
63,5,1,4,3,13989,14133
63,4,1,4,3,14187,14364
63,3,1,4,3,14409,14544
63,4,1,4,3,14589,14766
63,5,1,4,3,14811,14928
63,4,1,4,3,14970,15144
63,3,1,4,3,15192,15348
63,4,1,4,3,15390,15531
63,5,1,4,3,15576,15759
64,3,0,4,3,0,72
64,4,1,4,3,126,279
64,5,1,4,3,438,567
64,4,1,4,3,609,795
64,3,1,4,3,840,1026
64,4,1,4,3,1071,1254
64,5,1,4,3,1296,1467
64,4,1,4,3,1506,1668
64,3,1,4,3,1710,1869
64,4,1,4,3,1914,2067
64,5,1,4,3,2109,2241
64,4,1,4,3,2280,2433
64,3,1,4,3,2472,2628
64,4,1,4,3,2670,2853
64,5,1,4,3,2895,3051
64,4,1,4,3,3090,3195
64,3,1,4,3,3237,3366
64,4,1,4,3,3408,3549
64,5,1,4,3,3588,3699
64,4,1,4,3,3738,3894
64,3,1,4,3,3936,4083
64,4,1,4,3,4125,4248
64,5,1,4,3,4287,4410
64,4,1,4,3,4449,4608
64,3,1,4,3,4656,4797
64,4,1,4,3,4839,5019
64,5,1,4,3,5058,5232
64,4,1,4,3,5268,5469
64,3,1,4,3,5514,5670
64,4,1,4,3,5709,5862
64,5,1,4,3,5901,6018
64,4,1,4,3,6054,6228
64,3,1,4,3,6267,6414
64,4,1,4,3,6456,6567
64,5,1,4,3,6609,6741
64,4,1,4,3,6780,6915
64,3,1,4,3,6957,7104
64,4,1,4,3,7143,7308
64,5,1,4,3,7347,7506
64,4,1,4,3,7542,7659
64,3,1,4,3,7713,7854
64,4,1,4,3,7893,8058
64,5,1,4,3,8097,8196
64,4,1,4,3,8235,8379
64,3,1,4,3,8421,8544
64,4,1,4,3,8583,8751
64,5,1,4,3,8793,8958
64,4,1,4,3,8997,9201
64,3,1,4,3,9255,9387
64,4,1,4,3,9429,9609
64,5,1,4,3,9648,9903
64,4,1,4,3,9945,10020
64,3,1,4,3,10062,10224
64,4,1,4,3,10266,10422
64,5,1,4,3,10464,10632
64,4,1,4,3,10671,10830
64,5,0,4,3,10887,10953
64,4,1,4,3,10995,11199
64,3,1,4,3,11241,11388
64,4,1,4,3,11430,11571
64,5,1,4,3,11613,11769
64,4,1,4,3,11808,11964
64,3,1,4,3,12006,12174
64,4,1,4,3,12219,12384
64,5,1,4,3,12426,12582
64,4,1,4,3,12621,12804
64,3,1,4,3,12852,13026
64,4,1,4,3,13086,13275
64,5,1,4,3,13320,13512
64,4,1,4,3,13554,13755
64,5,0,4,3,13809,13851
64,4,1,4,3,13890,14079
64,3,1,4,3,14121,14322
64,4,1,4,3,14367,14520
64,5,1,4,3,14562,14676
64,4,1,4,3,14718,14916
64,3,1,4,3,14958,15123
64,4,1,4,3,15168,15297
64,5,1,4,3,15348,15498
64,4,1,4,3,15540,15786
64,5,0,4,3,15828,15891
